===== BAYENV2.0 =====

input file is set
number of populations is set
number of iterations is set
seed is set
TEST = 0 . So running matrix estimation
MCMC VER 0.71 (THREADED)
ITERATIONS = 100000
INPUT FILE = ../Data/MexSNPs.txt
SEED = -321

num_alleles = 20000.000000
number of loci = 10000
VAR-COVAR MATRIX: ITER = 500
4.688316e-02	2.257336e-03	-3.686629e-03	-1.010194e-02	3.180815e-03	9.798581e-03	-1.654844e-02	1.319353e-05	-6.710715e-03	9.017749e-03	
2.257336e-03	6.257908e-02	-9.036426e-03	-1.605344e-02	1.438959e-03	5.729430e-03	-2.347682e-02	-9.828072e-03	-7.961123e-03	4.105700e-03	
-3.686629e-03	-9.036426e-03	3.292029e-02	-2.833132e-03	-9.010681e-03	-7.566481e-03	-7.386096e-03	-6.120979e-03	-1.448144e-02	-1.183766e-02	
-1.010194e-02	-1.605344e-02	-2.833132e-03	6.368942e-02	-1.669341e-02	-1.361385e-02	1.046447e-02	5.129148e-03	-2.368022e-02	-1.512335e-02	
3.180815e-03	1.438959e-03	-9.010681e-03	-1.669341e-02	7.004696e-02	1.631415e-02	-2.297138e-02	1.155938e-03	-1.310863e-02	1.497480e-02	
9.798581e-03	5.729430e-03	-7.566481e-03	-1.361385e-02	1.631415e-02	5.933924e-02	-2.364860e-02	4.627908e-03	-9.936002e-03	2.686433e-02	
-1.654844e-02	-2.347682e-02	-7.386096e-03	1.046447e-02	-2.297138e-02	-2.364860e-02	9.455540e-02	-1.477206e-02	-2.498216e-02	-2.667762e-02	
1.319353e-05	-9.828072e-03	-6.120979e-03	5.129148e-03	1.155938e-03	4.627908e-03	-1.477206e-02	9.903605e-02	-2.169984e-02	3.753753e-03	
-6.710715e-03	-7.961123e-03	-1.448144e-02	-2.368022e-02	-1.310863e-02	-9.936002e-03	-2.498216e-02	-2.169984e-02	1.236328e-01	-1.391260e-02	
9.017749e-03	4.105700e-03	-1.183766e-02	-1.512335e-02	1.497480e-02	2.686433e-02	-2.667762e-02	3.753753e-03	-1.391260e-02	1.399950e-01	

VAR-COVAR MATRIX: ITER = 1000
3.398284e-02	1.681654e-03	-2.911077e-03	-8.209033e-03	5.879842e-03	9.754360e-03	-1.651297e-02	2.329346e-03	-7.544880e-03	1.249448e-02	
1.681654e-03	4.905972e-02	-6.307133e-03	-1.357179e-02	3.432009e-03	6.520257e-03	-2.139724e-02	-6.539315e-03	-8.402279e-03	6.429032e-03	
-2.911077e-03	-6.307133e-03	2.425710e-02	-1.333129e-04	-6.804498e-03	-6.456094e-03	-5.599891e-03	-3.709453e-03	-1.290204e-02	-7.658281e-03	
-8.209033e-03	-1.357179e-02	-1.333129e-04	4.936533e-02	-1.524547e-02	-1.098398e-02	1.133721e-02	6.960142e-03	-2.462143e-02	-1.150722e-02	
5.879842e-03	3.432009e-03	-6.804498e-03	-1.524547e-02	5.964569e-02	1.836679e-02	-2.390660e-02	6.088158e-03	-1.252939e-02	2.158003e-02	
9.754360e-03	6.520257e-03	-6.456094e-03	-1.098398e-02	1.836679e-02	4.761969e-02	-2.368578e-02	8.890305e-03	-1.030056e-02	3.208991e-02	
-1.651297e-02	-2.139724e-02	-5.599891e-03	1.133721e-02	-2.390660e-02	-2.368578e-02	8.304668e-02	-1.564298e-02	-2.660685e-02	-2.695489e-02	
2.329346e-03	-6.539315e-03	-3.709453e-03	6.960142e-03	6.088158e-03	8.890305e-03	-1.564298e-02	9.192400e-02	-2.019210e-02	1.339208e-02	
-7.544880e-03	-8.402279e-03	-1.290204e-02	-2.462143e-02	-1.252939e-02	-1.030056e-02	-2.660685e-02	-2.019210e-02	1.244994e-01	-1.219143e-02	
1.249448e-02	6.429032e-03	-7.658281e-03	-1.150722e-02	2.158003e-02	3.208991e-02	-2.695489e-02	1.339208e-02	-1.219143e-02	1.423239e-01	

VAR-COVAR MATRIX: ITER = 1500
2.983667e-02	3.431110e-03	-1.506404e-03	-7.990006e-03	8.714537e-03	1.270136e-02	-1.770271e-02	5.979439e-03	-6.187821e-03	1.765356e-02	
3.431110e-03	4.338667e-02	-4.698155e-03	-1.378536e-02	4.860215e-03	9.124466e-03	-2.197222e-02	-3.792162e-03	-5.545651e-03	1.007420e-02	
-1.506404e-03	-4.698155e-03	1.789826e-02	3.319877e-04	-5.463536e-03	-4.737886e-03	-4.826830e-03	-1.310941e-03	-1.097578e-02	-5.119737e-03	
-7.990006e-03	-1.378536e-02	3.319877e-04	4.238929e-02	-1.322309e-02	-9.425109e-03	1.095244e-02	9.633447e-03	-2.393956e-02	-8.419754e-03	
8.714537e-03	4.860215e-03	-5.463536e-03	-1.322309e-02	5.522699e-02	2.118758e-02	-2.390646e-02	8.939305e-03	-9.849444e-03	2.711721e-02	
1.270136e-02	9.124466e-03	-4.737886e-03	-9.425109e-03	2.118758e-02	4.377429e-02	-2.550987e-02	1.301176e-02	-7.030723e-03	3.892188e-02	
-1.770271e-02	-2.197222e-02	-4.826830e-03	1.095244e-02	-2.390646e-02	-2.550987e-02	7.441629e-02	-1.684932e-02	-2.785393e-02	-2.693796e-02	
5.979439e-03	-3.792162e-03	-1.310941e-03	9.633447e-03	8.939305e-03	1.301176e-02	-1.684932e-02	9.436280e-02	-1.791023e-02	1.991363e-02	
-6.187821e-03	-5.545651e-03	-1.097578e-02	-2.393956e-02	-9.849444e-03	-7.030723e-03	-2.785393e-02	-1.791023e-02	1.098455e-01	-8.084970e-03	
1.765356e-02	1.007420e-02	-5.119737e-03	-8.419754e-03	2.711721e-02	3.892188e-02	-2.693796e-02	1.991363e-02	-8.084970e-03	1.475531e-01	

VAR-COVAR MATRIX: ITER = 2000
2.641489e-02	6.062946e-03	-7.797921e-04	-6.757240e-03	1.168853e-02	1.557360e-02	-1.857821e-02	8.829677e-03	-6.007047e-03	2.380703e-02	
6.062946e-03	4.017626e-02	-3.328944e-03	-1.319498e-02	7.575379e-03	1.249833e-02	-2.356060e-02	-1.546777e-03	-4.274460e-03	1.758883e-02	
-7.797921e-04	-3.328944e-03	1.442047e-02	1.480635e-03	-4.257355e-03	-3.566244e-03	-3.185379e-03	4.243684e-05	-1.167422e-02	-3.420006e-03	
-6.757240e-03	-1.319498e-02	1.480635e-03	3.634386e-02	-1.198026e-02	-8.418164e-03	1.116327e-02	1.215516e-02	-2.515804e-02	-7.525327e-03	
1.168853e-02	7.575379e-03	-4.257355e-03	-1.198026e-02	5.356247e-02	2.543010e-02	-2.424288e-02	1.285590e-02	-1.012070e-02	3.566431e-02	
1.557360e-02	1.249833e-02	-3.566244e-03	-8.418164e-03	2.543010e-02	4.350957e-02	-2.555023e-02	1.765817e-02	-6.859825e-03	4.837638e-02	
-1.857821e-02	-2.356060e-02	-3.185379e-03	1.116327e-02	-2.424288e-02	-2.555023e-02	7.016499e-02	-1.569584e-02	-3.150982e-02	-2.596619e-02	
8.829677e-03	-1.546777e-03	4.243684e-05	1.215516e-02	1.285590e-02	1.765817e-02	-1.569584e-02	9.551323e-02	-1.785006e-02	2.798572e-02	
-6.007047e-03	-4.274460e-03	-1.167422e-02	-2.515804e-02	-1.012070e-02	-6.859825e-03	-3.150982e-02	-1.785006e-02	1.125166e-01	-4.051250e-03	
2.380703e-02	1.758883e-02	-3.420006e-03	-7.525327e-03	3.566431e-02	4.837638e-02	-2.596619e-02	2.798572e-02	-4.051250e-03	1.615064e-01	

VAR-COVAR MATRIX: ITER = 2500
2.446137e-02	7.754066e-03	5.967742e-04	-6.425720e-03	1.407992e-02	1.755119e-02	-1.799766e-02	1.088995e-02	-5.175776e-03	2.877239e-02	
7.754066e-03	3.829088e-02	-1.819130e-03	-1.289082e-02	9.991116e-03	1.433629e-02	-2.338559e-02	-8.425304e-04	-4.736885e-03	1.995313e-02	
5.967742e-04	-1.819130e-03	1.200695e-02	2.108744e-03	-2.010722e-03	-1.146247e-03	-4.201012e-03	1.760534e-03	-1.076638e-02	-4.996584e-04	
-6.425720e-03	-1.289082e-02	2.108744e-03	3.353699e-02	-1.096684e-02	-7.707718e-03	1.181528e-02	1.504997e-02	-2.493873e-02	-4.363628e-03	
1.407992e-02	9.991116e-03	-2.010722e-03	-1.096684e-02	5.112143e-02	2.774850e-02	-2.524174e-02	1.587681e-02	-6.768004e-03	4.014108e-02	
1.755119e-02	1.433629e-02	-1.146247e-03	-7.707718e-03	2.774850e-02	4.196135e-02	-2.497772e-02	2.051663e-02	-5.569526e-03	5.403898e-02	
-1.799766e-02	-2.338559e-02	-4.201012e-03	1.181528e-02	-2.524174e-02	-2.497772e-02	6.239400e-02	-1.416465e-02	-3.098981e-02	-2.352304e-02	
1.088995e-02	-8.425304e-04	1.760534e-03	1.504997e-02	1.587681e-02	2.051663e-02	-1.416465e-02	9.501831e-02	-1.625909e-02	3.326020e-02	
-5.175776e-03	-4.736885e-03	-1.076638e-02	-2.493873e-02	-6.768004e-03	-5.569526e-03	-3.098981e-02	-1.625909e-02	1.098139e-01	2.554580e-04	
2.877239e-02	1.995313e-02	-4.996584e-04	-4.363628e-03	4.014108e-02	5.403898e-02	-2.352304e-02	3.326020e-02	2.554580e-04	1.671158e-01	

VAR-COVAR MATRIX: ITER = 3000
2.293958e-02	9.701198e-03	1.694141e-03	-5.405206e-03	1.604487e-02	1.997422e-02	-1.782086e-02	1.244033e-02	-3.227701e-03	3.509209e-02	
9.701198e-03	3.497550e-02	-7.354699e-04	-1.167071e-02	1.131233e-02	1.639891e-02	-2.306656e-02	2.045766e-03	-3.446137e-03	2.471143e-02	
1.694141e-03	-7.354699e-04	9.945429e-03	2.780417e-03	-3.285487e-04	8.939794e-04	-3.554116e-03	3.432770e-03	-1.025164e-02	3.430614e-03	
-5.405206e-03	-1.167071e-02	2.780417e-03	3.074026e-02	-9.148941e-03	-5.575911e-03	1.248989e-02	1.727629e-02	-2.482185e-02	1.572659e-04	
1.604487e-02	1.131233e-02	-3.285487e-04	-9.148941e-03	4.978338e-02	2.971197e-02	-2.355004e-02	1.901397e-02	-5.943147e-03	4.662745e-02	
1.997422e-02	1.639891e-02	8.939794e-04	-5.575911e-03	2.971197e-02	4.192287e-02	-2.409332e-02	2.399863e-02	-3.601427e-03	6.256132e-02	
-1.782086e-02	-2.306656e-02	-3.554116e-03	1.248989e-02	-2.355004e-02	-2.409332e-02	5.970722e-02	-1.466761e-02	-3.363270e-02	-2.014773e-02	
1.244033e-02	2.045766e-03	3.432770e-03	1.727629e-02	1.901397e-02	2.399863e-02	-1.466761e-02	9.952164e-02	-1.281887e-02	4.213815e-02	
-3.227701e-03	-3.446137e-03	-1.025164e-02	-2.482185e-02	-5.943147e-03	-3.601427e-03	-3.363270e-02	-1.281887e-02	1.097219e-01	5.614496e-03	
3.509209e-02	2.471143e-02	3.430614e-03	1.572659e-04	4.662745e-02	6.256132e-02	-2.014773e-02	4.213815e-02	5.614496e-03	1.854397e-01	

VAR-COVAR MATRIX: ITER = 3500
2.132298e-02	1.055167e-02	2.946182e-03	-3.274657e-03	1.764039e-02	2.128047e-02	-1.673149e-02	1.639825e-02	-3.059429e-03	3.921587e-02	
1.055167e-02	3.241232e-02	-1.323074e-04	-1.123526e-02	1.331090e-02	1.751475e-02	-2.294681e-02	3.686757e-03	-2.489488e-03	2.860473e-02	
2.946182e-03	-1.323074e-04	8.515618e-03	4.040445e-03	1.361020e-03	2.398134e-03	-2.576792e-03	6.506578e-03	-1.046451e-02	6.864556e-03	
-3.274657e-03	-1.123526e-02	4.040445e-03	3.086761e-02	-7.484606e-03	-3.850961e-03	1.464232e-02	2.204204e-02	-2.545824e-02	5.158850e-03	
1.764039e-02	1.331090e-02	1.361020e-03	-7.484606e-03	4.969005e-02	3.237972e-02	-2.358241e-02	2.315627e-02	-4.394876e-03	5.271742e-02	
2.128047e-02	1.751475e-02	2.398134e-03	-3.850961e-03	3.237972e-02	4.170201e-02	-2.242540e-02	2.828431e-02	-2.639220e-03	6.721723e-02	
-1.673149e-02	-2.294681e-02	-2.576792e-03	1.464232e-02	-2.358241e-02	-2.242540e-02	5.810852e-02	-1.106919e-02	-3.420138e-02	-1.657825e-02	
1.639825e-02	3.686757e-03	6.506578e-03	2.204204e-02	2.315627e-02	2.828431e-02	-1.106919e-02	1.066232e-01	-1.036977e-02	5.446995e-02	
-3.059429e-03	-2.489488e-03	-1.046451e-02	-2.545824e-02	-4.394876e-03	-2.639220e-03	-3.420138e-02	-1.036977e-02	1.074956e-01	7.001907e-03	
3.921587e-02	2.860473e-02	6.864556e-03	5.158850e-03	5.271742e-02	6.721723e-02	-1.657825e-02	5.446995e-02	7.001907e-03	1.947024e-01	

VAR-COVAR MATRIX: ITER = 4000
2.075834e-02	1.176159e-02	3.875796e-03	-1.466413e-03	1.952345e-02	2.333070e-02	-1.512804e-02	1.957511e-02	-2.444747e-03	4.413519e-02	
1.176159e-02	3.136273e-02	5.196319e-04	-1.032700e-02	1.454952e-02	1.956249e-02	-2.235918e-02	5.803682e-03	-1.838090e-03	3.209834e-02	
3.875796e-03	5.196319e-04	7.302746e-03	4.718196e-03	2.708057e-03	4.095793e-03	-2.264996e-03	9.007958e-03	-1.004744e-02	9.978760e-03	
-1.466413e-03	-1.032700e-02	4.718196e-03	2.859114e-02	-4.946595e-03	-1.230436e-03	1.491134e-02	2.475879e-02	-2.410195e-02	9.467675e-03	
1.952345e-02	1.454952e-02	2.708057e-03	-4.946595e-03	4.881226e-02	3.505797e-02	-2.096639e-02	2.700471e-02	-3.912459e-03	5.962088e-02	
2.333070e-02	1.956249e-02	4.095793e-03	-1.230436e-03	3.505797e-02	4.329861e-02	-2.082861e-02	3.275842e-02	-1.041428e-03	7.506164e-02	
-1.512804e-02	-2.235918e-02	-2.264996e-03	1.491134e-02	-2.096639e-02	-2.082861e-02	5.557895e-02	-9.463917e-03	-3.223364e-02	-1.101361e-02	
1.957511e-02	5.803682e-03	9.007958e-03	2.475879e-02	2.700471e-02	3.275842e-02	-9.463917e-03	1.073953e-01	-1.032693e-02	6.059215e-02	
-2.444747e-03	-1.838090e-03	-1.004744e-02	-2.410195e-02	-3.912459e-03	-1.041428e-03	-3.223364e-02	-1.032693e-02	1.076754e-01	1.141541e-02	
4.413519e-02	3.209834e-02	9.978760e-03	9.467675e-03	5.962088e-02	7.506164e-02	-1.101361e-02	6.059215e-02	1.141541e-02	2.095198e-01	

VAR-COVAR MATRIX: ITER = 4500
2.108261e-02	1.399660e-02	4.676058e-03	-9.382069e-04	2.197227e-02	2.531727e-02	-1.502038e-02	2.045470e-02	5.131398e-04	4.955631e-02	
1.399660e-02	3.095331e-02	1.938699e-03	-9.815800e-03	1.781882e-02	2.195584e-02	-2.308726e-02	6.543220e-03	1.793977e-05	3.714689e-02	
4.676058e-03	1.938699e-03	6.617096e-03	5.015033e-03	3.899462e-03	5.591286e-03	-1.955625e-03	1.017639e-02	-8.748869e-03	1.326979e-02	
-9.382069e-04	-9.815800e-03	5.015033e-03	2.828322e-02	-5.059905e-03	-4.329609e-04	1.696903e-02	2.788378e-02	-2.316917e-02	1.225439e-02	
2.197227e-02	1.781882e-02	3.899462e-03	-5.059905e-03	4.905936e-02	3.756753e-02	-2.159925e-02	2.694360e-02	1.553770e-05	6.648057e-02	
2.531727e-02	2.195584e-02	5.591286e-03	-4.329609e-04	3.756753e-02	4.420250e-02	-2.010263e-02	3.325320e-02	2.455890e-03	8.117681e-02	
-1.502038e-02	-2.308726e-02	-1.955625e-03	1.696903e-02	-2.159925e-02	-2.010263e-02	5.638396e-02	-7.259685e-03	-3.259806e-02	-7.323837e-03	
2.045470e-02	6.543220e-03	1.017639e-02	2.788378e-02	2.694360e-02	3.325320e-02	-7.259685e-03	1.098655e-01	-7.520949e-03	6.450006e-02	
5.131398e-04	1.793977e-05	-8.748869e-03	-2.316917e-02	1.553770e-05	2.455890e-03	-3.259806e-02	-7.520949e-03	1.073291e-01	2.029585e-02	
4.955631e-02	3.714689e-02	1.326979e-02	1.225439e-02	6.648057e-02	8.117681e-02	-7.323837e-03	6.450006e-02	2.029585e-02	2.241088e-01	

VAR-COVAR MATRIX: ITER = 5000
2.179732e-02	1.563285e-02	5.555638e-03	3.652904e-04	2.378935e-02	2.761015e-02	-1.470448e-02	2.323336e-02	2.981308e-03	5.494986e-02	
1.563285e-02	3.008636e-02	2.769572e-03	-8.897448e-03	1.962359e-02	2.416369e-02	-2.260305e-02	8.957226e-03	1.112646e-03	4.208603e-02	
5.555638e-03	2.769572e-03	6.221205e-03	5.273451e-03	5.196214e-03	7.204997e-03	-1.577313e-03	1.185745e-02	-6.710621e-03	1.713293e-02	
3.652904e-04	-8.897448e-03	5.273451e-03	2.653138e-02	-3.422987e-03	1.189759e-03	1.705983e-02	2.992067e-02	-1.899416e-02	1.630907e-02	
2.378935e-02	1.962359e-02	5.196214e-03	-3.422987e-03	4.924430e-02	4.005798e-02	-2.153136e-02	3.011306e-02	2.812912e-03	7.200212e-02	
2.761015e-02	2.416369e-02	7.204997e-03	1.189759e-03	4.005798e-02	4.658999e-02	-1.955823e-02	3.683624e-02	6.368121e-03	8.852099e-02	
-1.470448e-02	-2.260305e-02	-1.577313e-03	1.705983e-02	-2.153136e-02	-1.955823e-02	5.483904e-02	-7.160061e-03	-2.920587e-02	-4.976689e-03	
2.323336e-02	8.957226e-03	1.185745e-02	2.992067e-02	3.011306e-02	3.683624e-02	-7.160061e-03	1.145168e-01	-1.451787e-03	7.200289e-02	
2.981308e-03	1.112646e-03	-6.710621e-03	-1.899416e-02	2.812912e-03	6.368121e-03	-2.920587e-02	-1.451787e-03	1.096777e-01	2.878492e-02	
5.494986e-02	4.208603e-02	1.713293e-02	1.630907e-02	7.200212e-02	8.852099e-02	-4.976689e-03	7.200289e-02	2.878492e-02	2.368024e-01	

VAR-COVAR MATRIX: ITER = 5500
2.196061e-02	1.586828e-02	6.668946e-03	3.011400e-03	2.437015e-02	2.871711e-02	-1.139694e-02	2.549757e-02	3.588122e-03	6.000160e-02	
1.586828e-02	2.825677e-02	3.318516e-03	-7.106034e-03	2.000307e-02	2.450483e-02	-2.046866e-02	9.060337e-03	1.443261e-03	4.563199e-02	
6.668946e-03	3.318516e-03	6.453681e-03	6.996671e-03	6.348168e-03	8.870875e-03	3.069037e-04	1.437431e-02	-6.225537e-03	2.147431e-02	
3.011400e-03	-7.106034e-03	6.996671e-03	2.840044e-02	-8.145975e-04	4.579325e-03	2.071435e-02	3.437675e-02	-1.807008e-02	2.386118e-02	
2.437015e-02	2.000307e-02	6.348168e-03	-8.145975e-04	4.651921e-02	4.001372e-02	-1.826038e-02	3.129607e-02	1.590324e-03	7.512580e-02	
2.871711e-02	2.450483e-02	8.870875e-03	4.579325e-03	4.001372e-02	4.703295e-02	-1.530188e-02	3.915637e-02	7.054428e-03	9.400855e-02	
-1.139694e-02	-2.046866e-02	3.069037e-04	2.071435e-02	-1.826038e-02	-1.530188e-02	5.614106e-02	-5.754133e-04	-2.783851e-02	4.304992e-03	
2.549757e-02	9.060337e-03	1.437431e-02	3.437675e-02	3.129607e-02	3.915637e-02	-5.754133e-04	1.171885e-01	1.082895e-03	7.970430e-02	
3.588122e-03	1.443261e-03	-6.225537e-03	-1.807008e-02	1.590324e-03	7.054428e-03	-2.783851e-02	1.082895e-03	1.147090e-01	3.352879e-02	
6.000160e-02	4.563199e-02	2.147431e-02	2.386118e-02	7.512580e-02	9.400855e-02	4.304992e-03	7.970430e-02	3.352879e-02	2.521641e-01	

VAR-COVAR MATRIX: ITER = 6000
2.321979e-02	1.776434e-02	7.670679e-03	4.326043e-03	2.729886e-02	3.133397e-02	-1.043760e-02	2.821765e-02	5.619188e-03	6.551878e-02	
1.776434e-02	2.824537e-02	4.438057e-03	-5.524997e-03	2.291117e-02	2.694147e-02	-1.964469e-02	1.144312e-02	1.932578e-03	5.016474e-02	
7.670679e-03	4.438057e-03	6.361669e-03	7.330180e-03	8.125451e-03	1.058184e-02	1.005520e-03	1.622899e-02	-5.007140e-03	2.528572e-02	
4.326043e-03	-5.524997e-03	7.330180e-03	2.761165e-02	8.179429e-04	6.359121e-03	2.131910e-02	3.637123e-02	-1.652100e-02	2.790842e-02	
2.729886e-02	2.291117e-02	8.125451e-03	8.179429e-04	4.924615e-02	4.368616e-02	-1.773410e-02	3.433311e-02	3.771748e-03	8.289578e-02	
3.133397e-02	2.694147e-02	1.058184e-02	6.359121e-03	4.368616e-02	5.013348e-02	-1.404856e-02	4.254634e-02	9.560358e-03	1.012685e-01	
-1.043760e-02	-1.964469e-02	1.005520e-03	2.131910e-02	-1.773410e-02	-1.404856e-02	5.595251e-02	7.697533e-05	-2.631281e-02	8.164463e-03	
2.821765e-02	1.144312e-02	1.622899e-02	3.637123e-02	3.433311e-02	4.254634e-02	7.697533e-05	1.207219e-01	5.410194e-03	8.677613e-02	
5.619188e-03	1.932578e-03	-5.007140e-03	-1.652100e-02	3.771748e-03	9.560358e-03	-2.631281e-02	5.410194e-03	1.158048e-01	3.797164e-02	
6.551878e-02	5.016474e-02	2.528572e-02	2.790842e-02	8.289578e-02	1.012685e-01	8.164463e-03	8.677613e-02	3.797164e-02	2.644255e-01	

VAR-COVAR MATRIX: ITER = 6500
2.333870e-02	1.792944e-02	8.499186e-03	6.062044e-03	2.762037e-02	3.189605e-02	-7.556330e-03	2.945999e-02	6.230670e-03	6.835164e-02	
1.792944e-02	2.690412e-02	5.104114e-03	-4.228246e-03	2.314864e-02	2.700031e-02	-1.722463e-02	1.178266e-02	1.896861e-03	5.168042e-02	
8.499186e-03	5.104114e-03	6.746384e-03	8.405857e-03	9.303250e-03	1.194860e-02	2.673059e-03	1.780730e-02	-4.499217e-03	2.888512e-02	
6.062044e-03	-4.228246e-03	8.405857e-03	2.829657e-02	3.169078e-03	8.716046e-03	2.297529e-02	3.859427e-02	-1.457708e-02	3.322957e-02	
2.762037e-02	2.314864e-02	9.303250e-03	3.169078e-03	4.754582e-02	4.378133e-02	-1.451450e-02	3.571203e-02	3.236485e-03	8.489143e-02	
3.189605e-02	2.700031e-02	1.194860e-02	8.716046e-03	4.378133e-02	5.026028e-02	-1.046589e-02	4.392476e-02	9.856768e-03	1.038913e-01	
-7.556330e-03	-1.722463e-02	2.673059e-03	2.297529e-02	-1.451450e-02	-1.046589e-02	5.558258e-02	2.647204e-03	-2.341488e-02	1.472213e-02	
2.945999e-02	1.178266e-02	1.780730e-02	3.859427e-02	3.571203e-02	4.392476e-02	2.647204e-03	1.224310e-01	7.021414e-03	9.014537e-02	
6.230670e-03	1.896861e-03	-4.499217e-03	-1.457708e-02	3.236485e-03	9.856768e-03	-2.341488e-02	7.021414e-03	1.160116e-01	4.111098e-02	
6.835164e-02	5.168042e-02	2.888512e-02	3.322957e-02	8.489143e-02	1.038913e-01	1.472213e-02	9.014537e-02	4.111098e-02	2.696246e-01	

VAR-COVAR MATRIX: ITER = 7000
2.446867e-02	1.941672e-02	9.394035e-03	6.577282e-03	2.941343e-02	3.374013e-02	-6.551184e-03	3.010723e-02	7.454781e-03	7.219008e-02	
1.941672e-02	2.706560e-02	5.880337e-03	-3.992278e-03	2.541532e-02	2.893655e-02	-1.683950e-02	1.198665e-02	2.527816e-03	5.568017e-02	
9.394035e-03	5.880337e-03	7.066735e-03	8.853419e-03	1.047756e-02	1.333472e-02	3.580286e-03	1.916978e-02	-3.284536e-03	3.187584e-02	
6.577282e-03	-3.992278e-03	8.853419e-03	2.851198e-02	3.627236e-03	9.452990e-03	2.474617e-02	4.031138e-02	-1.271233e-02	3.471977e-02	
2.941343e-02	2.541532e-02	1.047756e-02	3.627236e-03	4.825785e-02	4.574551e-02	-1.418969e-02	3.625231e-02	4.649383e-03	8.907037e-02	
3.374013e-02	2.893655e-02	1.333472e-02	9.452990e-03	4.574551e-02	5.245658e-02	-9.164064e-03	4.481771e-02	1.140038e-02	1.085437e-01	
-6.551184e-03	-1.683950e-02	3.580286e-03	2.474617e-02	-1.418969e-02	-9.164064e-03	5.746102e-02	5.280614e-03	-2.098516e-02	1.854074e-02	
3.010723e-02	1.198665e-02	1.916978e-02	4.031138e-02	3.625231e-02	4.481771e-02	5.280614e-03	1.228929e-01	7.424741e-03	9.174240e-02	
7.454781e-03	2.527816e-03	-3.284536e-03	-1.271233e-02	4.649383e-03	1.140038e-02	-2.098516e-02	7.424741e-03	1.169957e-01	4.459648e-02	
7.219008e-02	5.568017e-02	3.187584e-02	3.471977e-02	8.907037e-02	1.085437e-01	1.854074e-02	9.174240e-02	4.459648e-02	2.764553e-01	

VAR-COVAR MATRIX: ITER = 7500
2.537338e-02	2.074324e-02	1.009856e-02	7.872081e-03	3.060300e-02	3.522623e-02	-5.616468e-03	3.224863e-02	9.844852e-03	7.654106e-02	
2.074324e-02	2.739196e-02	6.564619e-03	-2.626577e-03	2.718956e-02	3.091972e-02	-1.592502e-02	1.471107e-02	5.765241e-03	6.115623e-02	
1.009856e-02	6.564619e-03	7.322364e-03	9.519388e-03	1.152641e-02	1.447288e-02	4.297941e-03	2.041371e-02	-1.762340e-03	3.485130e-02	
7.872081e-03	-2.626577e-03	9.519388e-03	2.879968e-02	5.295932e-03	1.099320e-02	2.523220e-02	4.180610e-02	-1.177004e-02	3.787991e-02	
3.060300e-02	2.718956e-02	1.152641e-02	5.295932e-03	4.827923e-02	4.698391e-02	-1.341041e-02	3.862360e-02	7.000453e-03	9.307579e-02	
3.522623e-02	3.091972e-02	1.447288e-02	1.099320e-02	4.698391e-02	5.412109e-02	-8.254162e-03	4.715476e-02	1.478401e-02	1.139291e-01	
-5.616468e-03	-1.592502e-02	4.297941e-03	2.523220e-02	-1.341041e-02	-8.254162e-03	5.680894e-02	5.625034e-03	-2.058470e-02	2.009311e-02	
3.224863e-02	1.471107e-02	2.041371e-02	4.180610e-02	3.862360e-02	4.715476e-02	5.625034e-03	1.241510e-01	9.197977e-03	9.688459e-02	
9.844852e-03	5.765241e-03	-1.762340e-03	-1.177004e-02	7.000453e-03	1.478401e-02	-2.058470e-02	9.197977e-03	1.201509e-01	5.179094e-02	
7.654106e-02	6.115623e-02	3.485130e-02	3.787991e-02	9.307579e-02	1.139291e-01	2.009311e-02	9.688459e-02	5.179094e-02	2.893803e-01	

VAR-COVAR MATRIX: ITER = 8000
2.596879e-02	2.145562e-02	1.050828e-02	8.375330e-03	3.141141e-02	3.600798e-02	-5.085986e-03	3.327661e-02	1.131900e-02	7.795359e-02	
2.145562e-02	2.741311e-02	6.917253e-03	-2.313595e-03	2.840614e-02	3.177113e-02	-1.593579e-02	1.531357e-02	6.817210e-03	6.257600e-02	
1.050828e-02	6.917253e-03	7.489015e-03	9.873980e-03	1.196696e-02	1.501592e-02	5.012848e-03	2.129490e-02	-4.318438e-04	3.624625e-02	
8.375330e-03	-2.313595e-03	9.873980e-03	2.919836e-02	5.605782e-03	1.157673e-02	2.668781e-02	4.288737e-02	-9.832935e-03	3.952384e-02	
3.141141e-02	2.840614e-02	1.196696e-02	5.605782e-03	4.785350e-02	4.746117e-02	-1.321270e-02	3.864080e-02	8.146095e-03	9.423223e-02	
3.600798e-02	3.177113e-02	1.501592e-02	1.157673e-02	4.746117e-02	5.458391e-02	-7.570171e-03	4.778838e-02	1.620342e-02	1.147595e-01	
-5.085986e-03	-1.593579e-02	5.012848e-03	2.668781e-02	-1.321270e-02	-7.570171e-03	5.908344e-02	6.232024e-03	-1.855211e-02	2.277120e-02	
3.327661e-02	1.531357e-02	2.129490e-02	4.288737e-02	3.864080e-02	4.778838e-02	6.232024e-03	1.249705e-01	1.097030e-02	9.755552e-02	
1.131900e-02	6.817210e-03	-4.318438e-04	-9.832935e-03	8.146095e-03	1.620342e-02	-1.855211e-02	1.097030e-02	1.202386e-01	5.513513e-02	
7.795359e-02	6.257600e-02	3.624625e-02	3.952384e-02	9.423223e-02	1.147595e-01	2.277120e-02	9.755552e-02	5.513513e-02	2.893704e-01	

VAR-COVAR MATRIX: ITER = 8500
2.658019e-02	2.193649e-02	1.104563e-02	9.033545e-03	3.203799e-02	3.670268e-02	-3.378824e-03	3.289926e-02	1.232838e-02	8.085545e-02	
2.193649e-02	2.682491e-02	7.375710e-03	-1.683080e-03	2.896780e-02	3.214548e-02	-1.425317e-02	1.452699e-02	6.879108e-03	6.414907e-02	
1.104563e-02	7.375710e-03	7.744720e-03	1.012211e-02	1.255889e-02	1.566979e-02	6.093963e-03	2.118561e-02	2.362001e-04	3.846865e-02	
9.033545e-03	-1.683080e-03	1.012211e-02	2.930519e-02	6.288977e-03	1.223277e-02	2.801202e-02	4.322435e-02	-8.403427e-03	4.241942e-02	
3.203799e-02	2.896780e-02	1.255889e-02	6.288977e-03	4.735857e-02	4.773618e-02	-1.160019e-02	3.792473e-02	9.102290e-03	9.644790e-02	
3.670268e-02	3.214548e-02	1.566979e-02	1.223277e-02	4.773618e-02	5.503099e-02	-5.670307e-03	4.705400e-02	1.766724e-02	1.171963e-01	
-3.378824e-03	-1.425317e-02	6.093963e-03	2.801202e-02	-1.160019e-02	-5.670307e-03	6.038288e-02	7.529003e-03	-1.696603e-02	2.776131e-02	
3.289926e-02	1.452699e-02	2.118561e-02	4.322435e-02	3.792473e-02	4.705400e-02	7.529003e-03	1.240658e-01	1.274117e-02	9.891861e-02	
1.232838e-02	6.879108e-03	2.362001e-04	-8.403427e-03	9.102290e-03	1.766724e-02	-1.696603e-02	1.274117e-02	1.230217e-01	5.828038e-02	
8.085545e-02	6.414907e-02	3.846865e-02	4.241942e-02	9.644790e-02	1.171963e-01	2.776131e-02	9.891861e-02	5.828038e-02	2.963405e-01	

VAR-COVAR MATRIX: ITER = 9000
2.669643e-02	2.211516e-02	1.154042e-02	9.983657e-03	3.234533e-02	3.696054e-02	-1.834538e-03	3.422615e-02	1.341897e-02	8.188395e-02	
2.211516e-02	2.649447e-02	7.741299e-03	-7.916757e-04	2.950503e-02	3.244418e-02	-1.287910e-02	1.579834e-02	7.507313e-03	6.555489e-02	
1.154042e-02	7.741299e-03	8.216413e-03	1.104535e-02	1.315774e-02	1.640855e-02	7.498270e-03	2.255905e-02	1.521604e-03	4.068039e-02	
9.983657e-03	-7.916757e-04	1.104535e-02	3.043100e-02	7.333666e-03	1.357195e-02	2.964218e-02	4.514848e-02	-6.123438e-03	4.554927e-02	
3.234533e-02	2.950503e-02	1.315774e-02	7.333666e-03	4.688236e-02	4.795893e-02	-1.022057e-02	3.941377e-02	1.077402e-02	9.796233e-02	
3.696054e-02	3.244418e-02	1.640855e-02	1.357195e-02	4.795893e-02	5.533509e-02	-3.611634e-03	4.892297e-02	1.927912e-02	1.187638e-01	
-1.834538e-03	-1.287910e-02	7.498270e-03	2.964218e-02	-1.022057e-02	-3.611634e-03	6.182240e-02	9.859712e-03	-1.490371e-02	3.221431e-02	
3.422615e-02	1.579834e-02	2.255905e-02	4.514848e-02	3.941377e-02	4.892297e-02	9.859712e-03	1.267673e-01	1.656426e-02	1.035968e-01	
1.341897e-02	7.507313e-03	1.521604e-03	-6.123438e-03	1.077402e-02	1.927912e-02	-1.490371e-02	1.656426e-02	1.250259e-01	6.160922e-02	
8.188395e-02	6.555489e-02	4.068039e-02	4.554927e-02	9.796233e-02	1.187638e-01	3.221431e-02	1.035968e-01	6.160922e-02	2.992033e-01	

VAR-COVAR MATRIX: ITER = 9500
2.794057e-02	2.334209e-02	1.231134e-02	1.077259e-02	3.370955e-02	3.850775e-02	-1.441914e-03	3.565020e-02	1.518514e-02	8.471639e-02	
2.334209e-02	2.706965e-02	8.493124e-03	2.130266e-04	3.095500e-02	3.403265e-02	-1.209419e-02	1.744909e-02	1.004031e-02	6.925784e-02	
1.231134e-02	8.493124e-03	8.648192e-03	1.154257e-02	1.414177e-02	1.743979e-02	7.688866e-03	2.377174e-02	2.119429e-03	4.231784e-02	
1.077259e-02	2.130266e-04	1.154257e-02	3.096225e-02	8.452414e-03	1.458051e-02	2.994259e-02	4.658232e-02	-6.682607e-03	4.636427e-02	
3.370955e-02	3.095500e-02	1.414177e-02	8.452414e-03	4.775248e-02	4.945297e-02	-9.564702e-03	4.090184e-02	1.268209e-02	1.011777e-01	
3.850775e-02	3.403265e-02	1.743979e-02	1.458051e-02	4.945297e-02	5.700369e-02	-3.079786e-03	5.032514e-02	2.122317e-02	1.216989e-01	
-1.441914e-03	-1.209419e-02	7.688866e-03	2.994259e-02	-9.564702e-03	-3.079786e-03	6.116544e-02	1.088046e-02	-1.518724e-02	3.165013e-02	
3.565020e-02	1.744909e-02	2.377174e-02	4.658232e-02	4.090184e-02	5.032514e-02	1.088046e-02	1.277262e-01	1.532679e-02	1.047479e-01	
1.518514e-02	1.004031e-02	2.119429e-03	-6.682607e-03	1.268209e-02	2.122317e-02	-1.518724e-02	1.532679e-02	1.267059e-01	6.447736e-02	
8.471639e-02	6.925784e-02	4.231784e-02	4.636427e-02	1.011777e-01	1.216989e-01	3.165013e-02	1.047479e-01	6.447736e-02	3.011946e-01	

VAR-COVAR MATRIX: ITER = 10000
2.861313e-02	2.379184e-02	1.286843e-02	1.157308e-02	3.438779e-02	3.938341e-02	-4.050931e-04	3.717804e-02	1.667827e-02	8.695831e-02	
2.379184e-02	2.703494e-02	8.833928e-03	6.363823e-04	3.164651e-02	3.460204e-02	-1.143634e-02	1.865283e-02	1.097691e-02	7.079660e-02	
1.286843e-02	8.833928e-03	9.034589e-03	1.210904e-02	1.466221e-02	1.817961e-02	8.338611e-03	2.486043e-02	3.648262e-03	4.419120e-02	
1.157308e-02	6.363823e-04	1.210904e-02	3.155895e-02	9.294067e-03	1.564564e-02	3.033833e-02	4.797472e-02	-4.830661e-03	4.822082e-02	
3.438779e-02	3.164651e-02	1.466221e-02	9.294067e-03	4.797919e-02	5.017977e-02	-8.475630e-03	4.234311e-02	1.443056e-02	1.035470e-01	
3.938341e-02	3.460204e-02	1.817961e-02	1.564564e-02	5.017977e-02	5.808791e-02	-1.595935e-03	5.226288e-02	2.323675e-02	1.245513e-01	
-4.050931e-04	-1.143634e-02	8.338611e-03	3.033833e-02	-8.475630e-03	-1.595935e-03	6.073174e-02	1.169285e-02	-1.259297e-02	3.405643e-02	
3.717804e-02	1.865283e-02	2.486043e-02	4.797472e-02	4.234311e-02	5.226288e-02	1.169285e-02	1.302835e-01	1.747979e-02	1.083870e-01	
1.667827e-02	1.097691e-02	3.648262e-03	-4.830661e-03	1.443056e-02	2.323675e-02	-1.259297e-02	1.747979e-02	1.245732e-01	6.782609e-02	
8.695831e-02	7.079660e-02	4.419120e-02	4.822082e-02	1.035470e-01	1.245513e-01	3.405643e-02	1.083870e-01	6.782609e-02	3.065238e-01	

VAR-COVAR MATRIX: ITER = 10500
2.912766e-02	2.431959e-02	1.348470e-02	1.242420e-02	3.476768e-02	3.987296e-02	9.743553e-04	3.709368e-02	1.704620e-02	8.857887e-02	
2.431959e-02	2.720499e-02	9.372477e-03	1.481229e-03	3.222143e-02	3.512680e-02	-9.864969e-03	1.853858e-02	1.131764e-02	7.268613e-02	
1.348470e-02	9.372477e-03	9.569316e-03	1.290581e-02	1.529703e-02	1.891718e-02	9.461885e-03	2.540474e-02	4.173991e-03	4.629675e-02	
1.242420e-02	1.481229e-03	1.290581e-02	3.248749e-02	1.023645e-02	1.676166e-02	3.167214e-02	4.862578e-02	-3.801281e-03	5.109790e-02	
3.476768e-02	3.222143e-02	1.529703e-02	1.023645e-02	4.793806e-02	5.043042e-02	-7.367493e-03	4.236432e-02	1.409909e-02	1.044718e-01	
3.987296e-02	3.512680e-02	1.891718e-02	1.676166e-02	5.043042e-02	5.836628e-02	6.988336e-05	5.201840e-02	2.349020e-02	1.258502e-01	
9.743553e-04	-9.864969e-03	9.461885e-03	3.167214e-02	-7.367493e-03	6.988336e-05	6.262578e-02	1.192659e-02	-1.190979e-02	3.883402e-02	
3.709368e-02	1.853858e-02	2.540474e-02	4.862578e-02	4.236432e-02	5.201840e-02	1.192659e-02	1.304352e-01	1.881852e-02	1.071488e-01	
1.704620e-02	1.131764e-02	4.173991e-03	-3.801281e-03	1.409909e-02	2.349020e-02	-1.190979e-02	1.881852e-02	1.295656e-01	6.951399e-02	
8.857887e-02	7.268613e-02	4.629675e-02	5.109790e-02	1.044718e-01	1.258502e-01	3.883402e-02	1.071488e-01	6.951399e-02	3.112837e-01	

VAR-COVAR MATRIX: ITER = 11000
2.845133e-02	2.348526e-02	1.302774e-02	1.218616e-02	3.398112e-02	3.900721e-02	6.996003e-04	3.733699e-02	1.772699e-02	8.691527e-02	
2.348526e-02	2.615919e-02	8.831127e-03	1.038695e-03	3.142481e-02	3.408189e-02	-1.022664e-02	1.825072e-02	1.162248e-02	7.070408e-02	
1.302774e-02	8.831127e-03	9.118050e-03	1.239276e-02	1.475584e-02	1.832244e-02	8.902051e-03	2.507134e-02	5.013349e-03	4.474630e-02	
1.218616e-02	1.038695e-03	1.239276e-02	3.187675e-02	9.853280e-03	1.641051e-02	3.073847e-02	4.852981e-02	-2.822913e-03	4.922891e-02	
3.398112e-02	3.142481e-02	1.475584e-02	9.853280e-03	4.662696e-02	4.927708e-02	-8.088220e-03	4.243892e-02	1.504931e-02	1.023773e-01	
3.900721e-02	3.408189e-02	1.832244e-02	1.641051e-02	4.927708e-02	5.713375e-02	-4.522748e-04	5.226884e-02	2.416304e-02	1.235749e-01	
6.996003e-04	-1.022664e-02	8.902051e-03	3.073847e-02	-8.088220e-03	-4.522748e-04	6.100362e-02	1.127282e-02	-1.117061e-02	3.594843e-02	
3.733699e-02	1.825072e-02	2.507134e-02	4.852981e-02	4.243892e-02	5.226884e-02	1.127282e-02	1.316101e-01	2.160945e-02	1.072600e-01	
1.772699e-02	1.162248e-02	5.013349e-03	-2.822913e-03	1.504931e-02	2.416304e-02	-1.117061e-02	2.160945e-02	1.273580e-01	7.126776e-02	
8.691527e-02	7.070408e-02	4.474630e-02	4.922891e-02	1.023773e-01	1.235749e-01	3.594843e-02	1.072600e-01	7.126776e-02	3.056886e-01	

VAR-COVAR MATRIX: ITER = 11500
2.877077e-02	2.372989e-02	1.359910e-02	1.303719e-02	3.427433e-02	3.924382e-02	2.204672e-03	3.743278e-02	1.792633e-02	8.784779e-02	
2.372989e-02	2.605218e-02	9.188255e-03	1.605106e-03	3.183686e-02	3.439031e-02	-9.205221e-03	1.855585e-02	1.215537e-02	7.170729e-02	
1.359910e-02	9.188255e-03	9.711598e-03	1.326554e-02	1.530994e-02	1.893125e-02	1.012494e-02	2.596182e-02	5.980284e-03	4.658429e-02	
1.303719e-02	1.605106e-03	1.326554e-02	3.315776e-02	1.062662e-02	1.714380e-02	3.255436e-02	4.975660e-02	-1.555391e-03	5.158232e-02	
3.427433e-02	3.183686e-02	1.530994e-02	1.062662e-02	4.673948e-02	4.942953e-02	-6.445878e-03	4.189090e-02	1.461958e-02	1.035039e-01	
3.924382e-02	3.439031e-02	1.893125e-02	1.714380e-02	4.942953e-02	5.716676e-02	1.386628e-03	5.146351e-02	2.392029e-02	1.241091e-01	
2.204672e-03	-9.205221e-03	1.012494e-02	3.255436e-02	-6.445878e-03	1.386628e-03	6.170499e-02	1.507765e-02	-8.306544e-03	4.006351e-02	
3.743278e-02	1.855585e-02	2.596182e-02	4.975660e-02	4.189090e-02	5.146351e-02	1.507765e-02	1.291089e-01	2.108145e-02	1.070110e-01	
1.792633e-02	1.215537e-02	5.980284e-03	-1.555391e-03	1.461958e-02	2.392029e-02	-8.306544e-03	2.108145e-02	1.277155e-01	7.043770e-02	
8.784779e-02	7.170729e-02	4.658429e-02	5.158232e-02	1.035039e-01	1.241091e-01	4.006351e-02	1.070110e-01	7.043770e-02	3.068894e-01	

VAR-COVAR MATRIX: ITER = 12000
2.991549e-02	2.469960e-02	1.437040e-02	1.382241e-02	3.565599e-02	4.064005e-02	2.377664e-03	3.920726e-02	1.917127e-02	9.016029e-02	
2.469960e-02	2.696773e-02	9.837305e-03	2.067967e-03	3.307611e-02	3.565710e-02	-9.073948e-03	1.936520e-02	1.266394e-02	7.381078e-02	
1.437040e-02	9.837305e-03	1.021069e-02	1.385470e-02	1.623473e-02	1.991802e-02	1.048096e-02	2.712444e-02	6.842312e-03	4.845522e-02	
1.382241e-02	2.067967e-03	1.385470e-02	3.396205e-02	1.150828e-02	1.802013e-02	3.311882e-02	5.136727e-02	-3.342728e-04	5.319213e-02	
3.565599e-02	3.307611e-02	1.623473e-02	1.150828e-02	4.822394e-02	5.109990e-02	-6.347160e-03	4.386154e-02	1.598057e-02	1.062450e-01	
4.064005e-02	3.565710e-02	1.991802e-02	1.802013e-02	5.109990e-02	5.893650e-02	1.361225e-03	5.363302e-02	2.559938e-02	1.266871e-01	
2.377664e-03	-9.073948e-03	1.048096e-02	3.311882e-02	-6.347160e-03	1.361225e-03	6.346902e-02	1.464140e-02	-7.935768e-03	4.072883e-02	
3.920726e-02	1.936520e-02	2.712444e-02	5.136727e-02	4.386154e-02	5.363302e-02	1.464140e-02	1.335453e-01	2.426153e-02	1.099997e-01	
1.917127e-02	1.266394e-02	6.842312e-03	-3.342728e-04	1.598057e-02	2.559938e-02	-7.935768e-03	2.426153e-02	1.311790e-01	7.395659e-02	
9.016029e-02	7.381078e-02	4.845522e-02	5.319213e-02	1.062450e-01	1.266871e-01	4.072883e-02	1.099997e-01	7.395659e-02	3.100284e-01	

VAR-COVAR MATRIX: ITER = 12500
3.121992e-02	2.600840e-02	1.538422e-02	1.485162e-02	3.715122e-02	4.209662e-02	2.891316e-03	4.098561e-02	2.057256e-02	9.279386e-02	
2.600840e-02	2.818124e-02	1.074282e-02	2.943895e-03	3.460100e-02	3.708085e-02	-8.960247e-03	2.137330e-02	1.492722e-02	7.621094e-02	
1.538422e-02	1.074282e-02	1.081397e-02	1.444919e-02	1.742513e-02	2.114245e-02	1.062030e-02	2.854443e-02	7.440142e-03	5.081821e-02	
1.485162e-02	2.943895e-03	1.444919e-02	3.463656e-02	1.276316e-02	1.946854e-02	3.345831e-02	5.272049e-02	-5.986225e-04	5.628016e-02	
3.715122e-02	3.460100e-02	1.742513e-02	1.276316e-02	4.962690e-02	5.256208e-02	-5.640176e-03	4.578545e-02	1.814298e-02	1.088264e-01	
4.209662e-02	3.708085e-02	2.114245e-02	1.946854e-02	5.256208e-02	6.031341e-02	2.334850e-03	5.574061e-02	2.729596e-02	1.290335e-01	
2.891316e-03	-8.960247e-03	1.062030e-02	3.345831e-02	-5.640176e-03	2.334850e-03	6.266091e-02	1.656326e-02	-9.214802e-03	4.297916e-02	
4.098561e-02	2.137330e-02	2.854443e-02	5.272049e-02	4.578545e-02	5.574061e-02	1.656326e-02	1.342355e-01	2.437558e-02	1.141488e-01	
2.057256e-02	1.492722e-02	7.440142e-03	-5.986225e-04	1.814298e-02	2.729596e-02	-9.214802e-03	2.437558e-02	1.336521e-01	7.613566e-02	
9.279386e-02	7.621094e-02	5.081821e-02	5.628016e-02	1.088264e-01	1.290335e-01	4.297916e-02	1.141488e-01	7.613566e-02	3.142965e-01	

VAR-COVAR MATRIX: ITER = 13000
3.162082e-02	2.632782e-02	1.559651e-02	1.502832e-02	3.753785e-02	4.251360e-02	3.242040e-03	4.077908e-02	2.089848e-02	9.376843e-02	
2.632782e-02	2.831007e-02	1.099431e-02	3.298057e-03	3.496071e-02	3.736398e-02	-8.396538e-03	2.129897e-02	1.456830e-02	7.685839e-02	
1.559651e-02	1.099431e-02	1.087576e-02	1.425736e-02	1.771737e-02	2.147007e-02	1.038930e-02	2.819663e-02	8.042866e-03	5.139016e-02	
1.502832e-02	3.298057e-03	1.425736e-02	3.388381e-02	1.300832e-02	1.976242e-02	3.281361e-02	5.153425e-02	6.458159e-04	5.693072e-02	
3.753785e-02	3.496071e-02	1.771737e-02	1.300832e-02	4.998381e-02	5.292342e-02	-5.032184e-03	4.527102e-02	1.784550e-02	1.097165e-01	
4.251360e-02	3.736398e-02	2.147007e-02	1.976242e-02	5.292342e-02	6.069981e-02	2.975647e-03	5.527601e-02	2.737946e-02	1.300555e-01	
3.242040e-03	-8.396538e-03	1.038930e-02	3.281361e-02	-5.032184e-03	2.975647e-03	6.175151e-02	1.611879e-02	-8.208972e-03	4.410491e-02	
4.077908e-02	2.129897e-02	2.819663e-02	5.153425e-02	4.527102e-02	5.527601e-02	1.611879e-02	1.311845e-01	2.666711e-02	1.139455e-01	
2.089848e-02	1.456830e-02	8.042866e-03	6.458159e-04	1.784550e-02	2.737946e-02	-8.208972e-03	2.666711e-02	1.357680e-01	7.722856e-02	
9.376843e-02	7.685839e-02	5.139016e-02	5.693072e-02	1.097165e-01	1.300555e-01	4.410491e-02	1.139455e-01	7.722856e-02	3.168108e-01	

VAR-COVAR MATRIX: ITER = 13500
3.357847e-02	2.798861e-02	1.709814e-02	1.683697e-02	3.957735e-02	4.490268e-02	5.047982e-03	4.341777e-02	2.359991e-02	9.880407e-02	
2.798861e-02	2.980656e-02	1.211855e-02	4.437653e-03	3.693835e-02	3.956233e-02	-7.443630e-03	2.337489e-02	1.760932e-02	8.166515e-02	
1.709814e-02	1.211855e-02	1.207165e-02	1.601807e-02	1.917509e-02	2.321417e-02	1.242278e-02	3.049826e-02	9.654408e-03	5.548869e-02	
1.683697e-02	4.437653e-03	1.601807e-02	3.673053e-02	1.446972e-02	2.170341e-02	3.643277e-02	5.496617e-02	2.006053e-03	6.148778e-02	
3.957735e-02	3.693835e-02	1.917509e-02	1.446972e-02	5.222030e-02	5.550129e-02	-3.870828e-03	4.783787e-02	2.143291e-02	1.150370e-01	
4.490268e-02	3.956233e-02	2.321417e-02	2.170341e-02	5.550129e-02	6.360118e-02	4.727092e-03	5.835629e-02	3.125713e-02	1.358915e-01	
5.047982e-03	-7.443630e-03	1.242278e-02	3.643277e-02	-3.870828e-03	4.727092e-03	6.654188e-02	1.987193e-02	-7.016737e-03	4.837134e-02	
4.341777e-02	2.337489e-02	3.049826e-02	5.496617e-02	4.783787e-02	5.835629e-02	1.987193e-02	1.355664e-01	2.862025e-02	1.205823e-01	
2.359991e-02	1.760932e-02	9.654408e-03	2.006053e-03	2.143291e-02	3.125713e-02	-7.016737e-03	2.862025e-02	1.381565e-01	8.570652e-02	
9.880407e-02	8.166515e-02	5.548869e-02	6.148778e-02	1.150370e-01	1.358915e-01	4.837134e-02	1.205823e-01	8.570652e-02	3.271873e-01	

VAR-COVAR MATRIX: ITER = 14000
3.301657e-02	2.723522e-02	1.677673e-02	1.664884e-02	3.865505e-02	4.385637e-02	5.405177e-03	4.308377e-02	2.322270e-02	9.713286e-02	
2.723522e-02	2.879411e-02	1.175539e-02	4.217215e-03	3.565609e-02	3.823192e-02	-7.218936e-03	2.300909e-02	1.746480e-02	7.921383e-02	
1.677673e-02	1.175539e-02	1.178490e-02	1.566992e-02	1.873148e-02	2.268650e-02	1.208747e-02	3.020005e-02	9.558670e-03	5.441305e-02	
1.664884e-02	4.217215e-03	1.566992e-02	3.644701e-02	1.439276e-02	2.143713e-02	3.593615e-02	5.488315e-02	1.632395e-03	6.099717e-02	
3.865505e-02	3.565609e-02	1.873148e-02	1.439276e-02	5.057683e-02	5.383469e-02	-3.293069e-03	4.763010e-02	2.110269e-02	1.122036e-01	
4.385637e-02	3.823192e-02	2.268650e-02	2.143713e-02	5.383469e-02	6.180000e-02	5.244386e-03	5.767178e-02	3.056454e-02	1.328380e-01	
5.405177e-03	-7.218936e-03	1.208747e-02	3.593615e-02	-3.293069e-03	5.244386e-03	6.553663e-02	1.978644e-02	-6.315514e-03	4.999289e-02	
4.308377e-02	2.300909e-02	3.020005e-02	5.488315e-02	4.763010e-02	5.767178e-02	1.978644e-02	1.358871e-01	2.600514e-02	1.185853e-01	
2.322270e-02	1.746480e-02	9.558670e-03	1.632395e-03	2.110269e-02	3.056454e-02	-6.315514e-03	2.600514e-02	1.336523e-01	8.312528e-02	
9.713286e-02	7.921383e-02	5.441305e-02	6.099717e-02	1.122036e-01	1.328380e-01	4.999289e-02	1.185853e-01	8.312528e-02	3.230066e-01	

VAR-COVAR MATRIX: ITER = 14500
3.330793e-02	2.756865e-02	1.706152e-02	1.723646e-02	3.884954e-02	4.434902e-02	6.906520e-03	4.264737e-02	2.377273e-02	9.889211e-02	
2.756865e-02	2.912648e-02	1.195453e-02	4.932516e-03	3.593332e-02	3.886502e-02	-5.618857e-03	2.289830e-02	1.728688e-02	8.167519e-02	
1.706152e-02	1.195453e-02	1.213461e-02	1.624824e-02	1.892665e-02	2.299104e-02	1.331824e-02	3.020041e-02	1.026253e-02	5.556554e-02	
1.723646e-02	4.932516e-03	1.624824e-02	3.656779e-02	1.519005e-02	2.205919e-02	3.649955e-02	5.434742e-02	3.171860e-03	6.208419e-02	
3.884954e-02	3.593332e-02	1.892665e-02	1.519005e-02	5.064994e-02	5.429047e-02	-1.462454e-03	4.729972e-02	2.082766e-02	1.142259e-01	
4.434902e-02	3.886502e-02	2.299104e-02	2.205919e-02	5.429047e-02	6.256670e-02	6.832057e-03	5.724841e-02	3.082683e-02	1.351352e-01	
6.906520e-03	-5.618857e-03	1.331824e-02	3.649955e-02	-1.462454e-03	6.832057e-03	6.654193e-02	1.993094e-02	-3.780018e-03	5.302379e-02	
4.264737e-02	2.289830e-02	3.020041e-02	5.434742e-02	4.729972e-02	5.724841e-02	1.993094e-02	1.338076e-01	2.772331e-02	1.172109e-01	
