===== BAYENV2.0 =====

input file is set
number of populations is set
number of iterations is set
seed is set
TEST = 0 . So running matrix estimation
MCMC VER 0.71 (THREADED)
ITERATIONS = 100000
INPUT FILE = ../Data/ParvSNPs.txt
SEED = -123

num_alleles = 20000.000000
number of loci = 10000
VAR-COVAR MATRIX: ITER = 500
3.383178e-02	-1.883962e-02	-7.308614e-03	-5.103944e-03	-2.032482e-03	-7.255502e-03	
-1.883962e-02	1.369662e-01	-1.885008e-02	-2.035842e-02	-3.318034e-02	-3.811858e-02	
-7.308614e-03	-1.885008e-02	8.231716e-02	-1.474988e-02	-1.424844e-02	-2.038404e-02	
-5.103944e-03	-2.035842e-02	-1.474988e-02	6.564015e-02	-1.761085e-02	-2.610414e-02	
-2.032482e-03	-3.318034e-02	-1.424844e-02	-1.761085e-02	7.899156e-02	-9.425386e-03	
-7.255502e-03	-3.811858e-02	-2.038404e-02	-2.610414e-02	-9.425386e-03	1.227347e-01	

VAR-COVAR MATRIX: ITER = 1000
2.436040e-02	-1.788863e-02	-5.838931e-03	-2.195695e-03	-2.818102e-04	-5.278975e-03	
-1.788863e-02	1.320715e-01	-1.578171e-02	-1.929063e-02	-3.245686e-02	-3.657546e-02	
-5.838931e-03	-1.578171e-02	7.161243e-02	-1.352887e-02	-1.200606e-02	-1.721403e-02	
-2.195695e-03	-1.929063e-02	-1.352887e-02	5.376757e-02	-1.634710e-02	-2.268252e-02	
-2.818102e-04	-3.245686e-02	-1.200606e-02	-1.634710e-02	6.888975e-02	-6.459039e-03	
-5.278975e-03	-3.657546e-02	-1.721403e-02	-2.268252e-02	-6.459039e-03	1.151600e-01	

VAR-COVAR MATRIX: ITER = 1500
1.809406e-02	-1.715770e-02	-4.471010e-03	-6.564247e-04	1.060707e-03	-3.128375e-03	
-1.715770e-02	1.273032e-01	-1.515180e-02	-2.126090e-02	-3.049692e-02	-3.401805e-02	
-4.471010e-03	-1.515180e-02	6.447695e-02	-1.324221e-02	-9.704819e-03	-1.335779e-02	
-6.564247e-04	-2.126090e-02	-1.324221e-02	4.833503e-02	-1.402566e-02	-2.291375e-02	
1.060707e-03	-3.049692e-02	-9.704819e-03	-1.402566e-02	6.111610e-02	-7.081109e-03	
-3.128375e-03	-3.401805e-02	-1.335779e-02	-2.291375e-02	-7.081109e-03	1.168076e-01	

VAR-COVAR MATRIX: ITER = 2000
1.431318e-02	-1.654027e-02	-3.379023e-03	-6.050886e-05	2.560437e-03	-2.252979e-03	
-1.654027e-02	1.276519e-01	-1.425610e-02	-1.908362e-02	-3.187048e-02	-3.667916e-02	
-3.379023e-03	-1.425610e-02	6.240181e-02	-1.249316e-02	-8.995582e-03	-1.426148e-02	
-6.050886e-05	-1.908362e-02	-1.249316e-02	4.503033e-02	-1.514407e-02	-2.410604e-02	
2.560437e-03	-3.187048e-02	-8.995582e-03	-1.514407e-02	5.834174e-02	-3.665623e-03	
-2.252979e-03	-3.667916e-02	-1.426148e-02	-2.410604e-02	-3.665623e-03	1.217985e-01	

VAR-COVAR MATRIX: ITER = 2500
1.205076e-02	-1.727518e-02	-2.943634e-03	1.083129e-03	3.345225e-03	-9.490686e-04	
-1.727518e-02	1.322302e-01	-1.461059e-02	-1.903888e-02	-3.129018e-02	-3.539333e-02	
-2.943634e-03	-1.461059e-02	6.009193e-02	-1.305483e-02	-9.954504e-03	-1.168257e-02	
1.083129e-03	-1.903888e-02	-1.305483e-02	4.322234e-02	-1.434771e-02	-2.533482e-02	
3.345225e-03	-3.129018e-02	-9.954504e-03	-1.434771e-02	5.699982e-02	-4.512406e-03	
-9.490686e-04	-3.539333e-02	-1.168257e-02	-2.533482e-02	-4.512406e-03	1.177440e-01	

VAR-COVAR MATRIX: ITER = 3000
9.979395e-03	-1.788336e-02	-2.079064e-03	1.633435e-03	4.741673e-03	-8.843914e-05	
-1.788336e-02	1.282008e-01	-1.443457e-02	-1.932275e-02	-3.240719e-02	-3.422756e-02	
-2.079064e-03	-1.443457e-02	5.834836e-02	-1.311803e-02	-8.055807e-03	-1.253179e-02	
1.633435e-03	-1.932275e-02	-1.311803e-02	4.052945e-02	-1.388204e-02	-2.441643e-02	
4.741673e-03	-3.240719e-02	-8.055807e-03	-1.388204e-02	5.502629e-02	-4.025496e-03	
-8.843914e-05	-3.422756e-02	-1.253179e-02	-2.441643e-02	-4.025496e-03	1.239854e-01	

VAR-COVAR MATRIX: ITER = 3500
7.855732e-03	-1.701639e-02	-1.414956e-03	1.993829e-03	4.540534e-03	2.401563e-04	
-1.701639e-02	1.307387e-01	-1.416040e-02	-1.832619e-02	-3.378801e-02	-3.271311e-02	
-1.414956e-03	-1.416040e-02	5.668968e-02	-1.297277e-02	-8.343799e-03	-1.212594e-02	
1.993829e-03	-1.832619e-02	-1.297277e-02	3.957889e-02	-1.392819e-02	-2.460835e-02	
4.540534e-03	-3.378801e-02	-8.343799e-03	-1.392819e-02	5.358753e-02	-3.969807e-03	
2.401563e-04	-3.271311e-02	-1.212594e-02	-2.460835e-02	-3.969807e-03	1.213654e-01	

VAR-COVAR MATRIX: ITER = 4000
6.434744e-03	-1.644040e-02	-1.179291e-03	2.458858e-03	4.631603e-03	4.532583e-04	
-1.644040e-02	1.302201e-01	-1.464195e-02	-1.782257e-02	-3.222962e-02	-3.301911e-02	
-1.179291e-03	-1.464195e-02	5.822893e-02	-1.282166e-02	-8.544277e-03	-1.193226e-02	
2.458858e-03	-1.782257e-02	-1.282166e-02	3.821937e-02	-1.395637e-02	-2.581840e-02	
4.631603e-03	-3.222962e-02	-8.544277e-03	-1.395637e-02	5.175145e-02	-3.566553e-03	
4.532583e-04	-3.301911e-02	-1.193226e-02	-2.581840e-02	-3.566553e-03	1.234125e-01	

VAR-COVAR MATRIX: ITER = 4500
5.312901e-03	-1.616762e-02	-1.225604e-03	2.651726e-03	5.272934e-03	4.900417e-04	
-1.616762e-02	1.268153e-01	-1.421693e-02	-1.829468e-02	-3.257044e-02	-2.916820e-02	
-1.225604e-03	-1.421693e-02	5.755783e-02	-1.339377e-02	-7.934618e-03	-1.150515e-02	
2.651726e-03	-1.829468e-02	-1.339377e-02	3.680008e-02	-1.378291e-02	-2.580178e-02	
5.272934e-03	-3.257044e-02	-7.934618e-03	-1.378291e-02	5.243396e-02	-2.936388e-03	
4.900417e-04	-2.916820e-02	-1.150515e-02	-2.580178e-02	-2.936388e-03	1.225124e-01	

VAR-COVAR MATRIX: ITER = 5000
4.425205e-03	-1.574127e-02	-1.170605e-03	2.475552e-03	5.313403e-03	1.413540e-03	
-1.574127e-02	1.279881e-01	-1.337126e-02	-1.878624e-02	-3.118842e-02	-2.974613e-02	
-1.170605e-03	-1.337126e-02	5.593437e-02	-1.443147e-02	-7.496529e-03	-9.605205e-03	
2.475552e-03	-1.878624e-02	-1.443147e-02	3.597757e-02	-1.359872e-02	-2.505405e-02	
5.313403e-03	-3.118842e-02	-7.496529e-03	-1.359872e-02	5.065117e-02	-3.815870e-03	
1.413540e-03	-2.974613e-02	-9.605205e-03	-2.505405e-02	-3.815870e-03	1.248129e-01	

VAR-COVAR MATRIX: ITER = 5500
3.850187e-03	-1.557021e-02	-1.098391e-03	2.639740e-03	5.004552e-03	1.936278e-03	
-1.557021e-02	1.323673e-01	-1.334711e-02	-1.896944e-02	-3.165476e-02	-3.116651e-02	
-1.098391e-03	-1.334711e-02	5.602873e-02	-1.477194e-02	-7.075526e-03	-9.860138e-03	
2.639740e-03	-1.896944e-02	-1.477194e-02	3.667973e-02	-1.462471e-02	-2.457646e-02	
5.004552e-03	-3.165476e-02	-7.075526e-03	-1.462471e-02	5.117410e-02	-2.815522e-03	
1.936278e-03	-3.116651e-02	-9.860138e-03	-2.457646e-02	-2.815522e-03	1.209745e-01	

VAR-COVAR MATRIX: ITER = 6000
3.523491e-03	-1.592370e-02	-9.458341e-04	3.020061e-03	5.135467e-03	1.949105e-03	
-1.592370e-02	1.330339e-01	-1.369009e-02	-1.970287e-02	-3.250041e-02	-3.020965e-02	
-9.458341e-04	-1.369009e-02	5.425014e-02	-1.379709e-02	-6.855216e-03	-1.028428e-02	
3.020061e-03	-1.970287e-02	-1.379709e-02	3.605700e-02	-1.421048e-02	-2.421953e-02	
5.135467e-03	-3.250041e-02	-6.855216e-03	-1.421048e-02	5.004490e-02	-1.747843e-03	
1.949105e-03	-3.020965e-02	-1.028428e-02	-2.421953e-02	-1.747843e-03	1.202884e-01	

VAR-COVAR MATRIX: ITER = 6500
3.241053e-03	-1.567841e-02	-9.275439e-04	2.779084e-03	5.388882e-03	2.291894e-03	
-1.567841e-02	1.316567e-01	-1.466887e-02	-1.842065e-02	-3.254021e-02	-3.088411e-02	
-9.275439e-04	-1.466887e-02	5.535052e-02	-1.314738e-02	-7.836055e-03	-1.021266e-02	
2.779084e-03	-1.842065e-02	-1.314738e-02	3.472057e-02	-1.424476e-02	-2.392684e-02	
5.388882e-03	-3.254021e-02	-7.836055e-03	-1.424476e-02	5.184345e-02	-3.281741e-03	
2.291894e-03	-3.088411e-02	-1.021266e-02	-2.392684e-02	-3.281741e-03	1.233515e-01	

VAR-COVAR MATRIX: ITER = 7000
3.300150e-03	-1.641543e-02	-1.416460e-03	3.290844e-03	5.856967e-03	2.598552e-03	
-1.641543e-02	1.305583e-01	-1.314637e-02	-2.005270e-02	-3.380778e-02	-2.965394e-02	
-1.416460e-03	-1.314637e-02	5.595887e-02	-1.427201e-02	-7.508948e-03	-1.146749e-02	
3.290844e-03	-2.005270e-02	-1.427201e-02	3.644471e-02	-1.482914e-02	-2.304111e-02	
5.856967e-03	-3.380778e-02	-7.508948e-03	-1.482914e-02	5.325282e-02	-2.567735e-03	
2.598552e-03	-2.965394e-02	-1.146749e-02	-2.304111e-02	-2.567735e-03	1.236098e-01	

VAR-COVAR MATRIX: ITER = 7500
3.215854e-03	-1.655381e-02	-1.295782e-03	3.434372e-03	5.764395e-03	3.057920e-03	
-1.655381e-02	1.284580e-01	-1.251271e-02	-2.078978e-02	-3.333507e-02	-3.097410e-02	
-1.295782e-03	-1.251271e-02	5.491294e-02	-1.451175e-02	-8.025715e-03	-7.038615e-03	
3.434372e-03	-2.078978e-02	-1.451175e-02	3.612455e-02	-1.370130e-02	-2.432083e-02	
5.764395e-03	-3.333507e-02	-8.025715e-03	-1.370130e-02	5.131910e-02	-1.046250e-03	
3.057920e-03	-3.097410e-02	-7.038615e-03	-2.432083e-02	-1.046250e-03	1.240141e-01	

VAR-COVAR MATRIX: ITER = 8000
3.040905e-03	-1.615724e-02	-1.207201e-03	3.139312e-03	5.767830e-03	2.808716e-03	
-1.615724e-02	1.296577e-01	-1.249877e-02	-1.877235e-02	-3.436927e-02	-3.148589e-02	
-1.207201e-03	-1.249877e-02	5.525486e-02	-1.452295e-02	-8.044970e-03	-7.535174e-03	
3.139312e-03	-1.877235e-02	-1.452295e-02	3.498647e-02	-1.322775e-02	-2.557794e-02	
5.767830e-03	-3.436927e-02	-8.044970e-03	-1.322775e-02	5.079496e-02	-5.069269e-04	
2.808716e-03	-3.148589e-02	-7.535174e-03	-2.557794e-02	-5.069269e-04	1.247671e-01	

VAR-COVAR MATRIX: ITER = 8500
3.121834e-03	-1.637030e-02	-1.108951e-03	3.370056e-03	5.933312e-03	2.852085e-03	
-1.637030e-02	1.257463e-01	-1.261198e-02	-2.074903e-02	-3.280083e-02	-2.951864e-02	
-1.108951e-03	-1.261198e-02	5.366463e-02	-1.321894e-02	-8.564877e-03	-7.583719e-03	
3.370056e-03	-2.074903e-02	-1.321894e-02	3.500546e-02	-1.259245e-02	-2.589028e-02	
5.933312e-03	-3.280083e-02	-8.564877e-03	-1.259245e-02	5.037917e-02	-7.890264e-05	
2.852085e-03	-2.951864e-02	-7.583719e-03	-2.589028e-02	-7.890264e-05	1.238040e-01	

VAR-COVAR MATRIX: ITER = 9000
3.038503e-03	-1.648082e-02	-8.087712e-04	3.476647e-03	5.667055e-03	2.717185e-03	
-1.648082e-02	1.294201e-01	-1.328957e-02	-2.055709e-02	-3.374817e-02	-3.172309e-02	
-8.087712e-04	-1.328957e-02	5.477106e-02	-1.344173e-02	-8.013915e-03	-7.513806e-03	
3.476647e-03	-2.055709e-02	-1.344173e-02	3.556923e-02	-1.285224e-02	-2.587411e-02	
5.667055e-03	-3.374817e-02	-8.013915e-03	-1.285224e-02	5.004053e-02	-3.840028e-04	
2.717185e-03	-3.172309e-02	-7.513806e-03	-2.587411e-02	-3.840028e-04	1.256516e-01	

VAR-COVAR MATRIX: ITER = 9500
3.005307e-03	-1.616961e-02	-8.518718e-04	3.400969e-03	5.495126e-03	2.614473e-03	
-1.616961e-02	1.258435e-01	-1.301367e-02	-1.997245e-02	-3.230303e-02	-3.008350e-02	
-8.518718e-04	-1.301367e-02	5.528208e-02	-1.215257e-02	-9.392185e-03	-8.848217e-03	
3.400969e-03	-1.997245e-02	-1.215257e-02	3.455460e-02	-1.290131e-02	-2.532551e-02	
5.495126e-03	-3.230303e-02	-9.392185e-03	-1.290131e-02	4.982288e-02	-1.829743e-03	
2.614473e-03	-3.008350e-02	-8.848217e-03	-2.532551e-02	-1.829743e-03	1.265511e-01	

VAR-COVAR MATRIX: ITER = 10000
3.002965e-03	-1.662917e-02	-4.756127e-04	3.161734e-03	5.746434e-03	2.659445e-03	
-1.662917e-02	1.297990e-01	-1.221974e-02	-1.990913e-02	-3.478535e-02	-3.132580e-02	
-4.756127e-04	-1.221974e-02	5.756880e-02	-1.335233e-02	-8.093124e-03	-8.467229e-03	
3.161734e-03	-1.990913e-02	-1.335233e-02	3.490048e-02	-1.310507e-02	-2.585314e-02	
5.746434e-03	-3.478535e-02	-8.093124e-03	-1.310507e-02	5.098547e-02	-1.917088e-03	
2.659445e-03	-3.132580e-02	-8.467229e-03	-2.585314e-02	-1.917088e-03	1.274608e-01	

VAR-COVAR MATRIX: ITER = 10500
2.800473e-03	-1.555469e-02	-1.286550e-04	3.087288e-03	5.282855e-03	1.779799e-03	
-1.555469e-02	1.262054e-01	-1.340079e-02	-1.804353e-02	-3.272522e-02	-3.172475e-02	
-1.286550e-04	-1.340079e-02	5.502740e-02	-1.270500e-02	-6.935189e-03	-8.493617e-03	
3.087288e-03	-1.804353e-02	-1.270500e-02	3.464199e-02	-1.373172e-02	-2.591541e-02	
5.282855e-03	-3.272522e-02	-6.935189e-03	-1.373172e-02	5.004623e-02	-2.562159e-03	
1.779799e-03	-3.172475e-02	-8.493617e-03	-2.591541e-02	-2.562159e-03	1.240826e-01	

VAR-COVAR MATRIX: ITER = 11000
2.850936e-03	-1.595359e-02	-6.148317e-04	3.103723e-03	5.660390e-03	2.368170e-03	
-1.595359e-02	1.294699e-01	-1.334673e-02	-1.902323e-02	-3.391017e-02	-3.202196e-02	
-6.148317e-04	-1.334673e-02	5.505490e-02	-1.340127e-02	-7.021031e-03	-8.993002e-03	
3.103723e-03	-1.902323e-02	-1.340127e-02	3.478083e-02	-1.389236e-02	-2.454870e-02	
5.660390e-03	-3.391017e-02	-7.021031e-03	-1.389236e-02	5.137588e-02	-1.270066e-03	
2.368170e-03	-3.202196e-02	-8.993002e-03	-2.454870e-02	-1.270066e-03	1.224115e-01	

VAR-COVAR MATRIX: ITER = 11500
2.776210e-03	-1.544952e-02	-7.591175e-04	3.096439e-03	5.317625e-03	2.552046e-03	
-1.544952e-02	1.244183e-01	-1.192305e-02	-1.923861e-02	-3.279015e-02	-2.959929e-02	
-7.591175e-04	-1.192305e-02	5.454396e-02	-1.310852e-02	-7.820122e-03	-8.900561e-03	
3.096439e-03	-1.923861e-02	-1.310852e-02	3.555040e-02	-1.497458e-02	-2.493848e-02	
5.317625e-03	-3.279015e-02	-7.820122e-03	-1.497458e-02	5.161825e-02	-7.964278e-04	
2.552046e-03	-2.959929e-02	-8.900561e-03	-2.493848e-02	-7.964278e-04	1.230014e-01	

VAR-COVAR MATRIX: ITER = 12000
2.961131e-03	-1.595851e-02	-1.337563e-03	3.394725e-03	5.900764e-03	2.675490e-03	
-1.595851e-02	1.253256e-01	-1.144784e-02	-1.938089e-02	-3.471103e-02	-3.069401e-02	
-1.337563e-03	-1.144784e-02	5.506855e-02	-1.369159e-02	-9.060613e-03	-8.571750e-03	
3.394725e-03	-1.938089e-02	-1.369159e-02	3.622068e-02	-1.406990e-02	-2.591351e-02	
5.900764e-03	-3.471103e-02	-9.060613e-03	-1.406990e-02	5.303514e-02	-7.431345e-05	
2.675490e-03	-3.069401e-02	-8.571750e-03	-2.591351e-02	-7.431345e-05	1.255258e-01	

VAR-COVAR MATRIX: ITER = 12500
2.738291e-03	-1.534650e-02	-1.350261e-03	2.964437e-03	5.774946e-03	2.378144e-03	
-1.534650e-02	1.293226e-01	-1.176426e-02	-1.958602e-02	-3.296986e-02	-2.964230e-02	
-1.350261e-03	-1.176426e-02	5.443011e-02	-1.357348e-02	-8.663821e-03	-9.623569e-03	
2.964437e-03	-1.958602e-02	-1.357348e-02	3.534439e-02	-1.442794e-02	-2.623005e-02	
5.774946e-03	-3.296986e-02	-8.663821e-03	-1.442794e-02	5.238295e-02	3.318484e-04	
2.378144e-03	-2.964230e-02	-9.623569e-03	-2.623005e-02	3.318484e-04	1.241719e-01	

VAR-COVAR MATRIX: ITER = 13000
2.666842e-03	-1.516313e-02	-9.117023e-04	3.019001e-03	5.272791e-03	2.140391e-03	
-1.516313e-02	1.286427e-01	-1.270277e-02	-1.931309e-02	-3.176130e-02	-2.981605e-02	
-9.117023e-04	-1.270277e-02	5.596393e-02	-1.381929e-02	-7.851206e-03	-1.013811e-02	
3.019001e-03	-1.931309e-02	-1.381929e-02	3.601999e-02	-1.555813e-02	-2.557638e-02	
5.272791e-03	-3.176130e-02	-7.851206e-03	-1.555813e-02	5.180682e-02	7.573859e-05	
2.140391e-03	-2.981605e-02	-1.013811e-02	-2.557638e-02	7.573859e-05	1.233101e-01	

VAR-COVAR MATRIX: ITER = 13500
2.890233e-03	-1.609077e-02	-9.226570e-04	3.259294e-03	5.788455e-03	2.518885e-03	
-1.609077e-02	1.298710e-01	-1.346192e-02	-2.006183e-02	-3.359890e-02	-3.077499e-02	
-9.226570e-04	-1.346192e-02	5.625570e-02	-1.312576e-02	-8.113385e-03	-1.187752e-02	
3.259294e-03	-2.006183e-02	-1.312576e-02	3.525275e-02	-1.439580e-02	-2.439184e-02	
5.788455e-03	-3.359890e-02	-8.113385e-03	-1.439580e-02	5.302545e-02	-3.881886e-04	
2.518885e-03	-3.077499e-02	-1.187752e-02	-2.439184e-02	-3.881886e-04	1.256285e-01	

VAR-COVAR MATRIX: ITER = 14000
2.930613e-03	-1.601717e-02	-9.327594e-04	3.502825e-03	5.790259e-03	2.058919e-03	
-1.601717e-02	1.289167e-01	-1.441722e-02	-1.891951e-02	-3.386833e-02	-3.163734e-02	
-9.327594e-04	-1.441722e-02	5.590323e-02	-1.285303e-02	-9.301585e-03	-1.050744e-02	
3.502825e-03	-1.891951e-02	-1.285303e-02	3.538806e-02	-1.351507e-02	-2.605908e-02	
5.790259e-03	-3.386833e-02	-9.301585e-03	-1.351507e-02	5.268983e-02	6.175618e-05	
2.058919e-03	-3.163734e-02	-1.050744e-02	-2.605908e-02	6.175618e-05	1.263415e-01	

VAR-COVAR MATRIX: ITER = 14500
2.817507e-03	-1.550710e-02	-1.122854e-03	3.332043e-03	5.713851e-03	1.922908e-03	
-1.550710e-02	1.259696e-01	-1.224870e-02	-1.895033e-02	-3.363987e-02	-2.975753e-02	
-1.122854e-03	-1.224870e-02	5.711909e-02	-1.270366e-02	-9.946410e-03	-1.189345e-02	
3.332043e-03	-1.895033e-02	-1.270366e-02	3.438179e-02	-1.312911e-02	-2.517167e-02	
5.713851e-03	-3.363987e-02	-9.946410e-03	-1.312911e-02	5.170585e-02	3.108363e-05	
1.922908e-03	-2.975753e-02	-1.189345e-02	-2.517167e-02	3.108363e-05	1.231068e-01	

VAR-COVAR MATRIX: ITER = 15000
2.942790e-03	-1.620650e-02	-1.121549e-03	3.665778e-03	5.661502e-03	2.101365e-03	
-1.620650e-02	1.320673e-01	-1.551263e-02	-2.052411e-02	-3.364100e-02	-2.880403e-02	
-1.121549e-03	-1.551263e-02	5.808769e-02	-1.256203e-02	-9.960890e-03	-1.112629e-02	
3.665778e-03	-2.052411e-02	-1.256203e-02	3.604109e-02	-1.383238e-02	-2.577001e-02	
5.661502e-03	-3.364100e-02	-9.960890e-03	-1.383238e-02	5.238213e-02	-1.318184e-04	
2.101365e-03	-2.880403e-02	-1.112629e-02	-2.577001e-02	-1.318184e-04	1.249176e-01	

VAR-COVAR MATRIX: ITER = 15500
2.969584e-03	-1.610699e-02	-1.176895e-03	3.690000e-03	5.598847e-03	2.452213e-03	
-1.610699e-02	1.280753e-01	-1.451627e-02	-2.048785e-02	-3.278117e-02	-3.014053e-02	
-1.176895e-03	-1.451627e-02	5.657674e-02	-1.234745e-02	-1.098441e-02	-9.460363e-03	
3.690000e-03	-2.048785e-02	-1.234745e-02	3.583604e-02	-1.355702e-02	-2.481624e-02	
5.598847e-03	-3.278117e-02	-1.098441e-02	-1.355702e-02	5.263967e-02	-1.077707e-03	
2.452213e-03	-3.014053e-02	-9.460363e-03	-2.481624e-02	-1.077707e-03	1.254275e-01	

VAR-COVAR MATRIX: ITER = 16000
2.952768e-03	-1.620847e-02	-1.058101e-03	3.671471e-03	5.550937e-03	2.456934e-03	
-1.620847e-02	1.282539e-01	-1.229491e-02	-2.164319e-02	-3.207366e-02	-3.078183e-02	
-1.058101e-03	-1.229491e-02	5.552714e-02	-1.173586e-02	-1.148165e-02	-1.038286e-02	
3.671471e-03	-2.164319e-02	-1.173586e-02	3.622334e-02	-1.352117e-02	-2.587388e-02	
5.550937e-03	-3.207366e-02	-1.148165e-02	-1.352117e-02	5.237319e-02	-8.058175e-04	
2.456934e-03	-3.078183e-02	-1.038286e-02	-2.587388e-02	-8.058175e-04	1.281422e-01	

VAR-COVAR MATRIX: ITER = 16500
3.060500e-03	-1.654308e-02	-1.061127e-03	3.420596e-03	6.046562e-03	3.018853e-03	
-1.654308e-02	1.271397e-01	-1.317792e-02	-2.006701e-02	-3.416847e-02	-3.142222e-02	
-1.061127e-03	-1.317792e-02	5.513631e-02	-1.256178e-02	-1.009156e-02	-9.520669e-03	
3.420596e-03	-2.006701e-02	-1.256178e-02	3.519642e-02	-1.413267e-02	-2.438068e-02	
6.046562e-03	-3.416847e-02	-1.009156e-02	-1.413267e-02	5.379700e-02	9.127096e-04	
3.018853e-03	-3.142222e-02	-9.520669e-03	-2.438068e-02	9.127096e-04	1.259038e-01	

VAR-COVAR MATRIX: ITER = 17000
3.009130e-03	-1.633075e-02	-1.095568e-03	3.317167e-03	5.982087e-03	2.993631e-03	
-1.633075e-02	1.272610e-01	-1.295791e-02	-1.937232e-02	-3.486251e-02	-3.095009e-02	
-1.095568e-03	-1.295791e-02	5.502751e-02	-1.293533e-02	-9.827442e-03	-8.304245e-03	
3.317167e-03	-1.937232e-02	-1.293533e-02	3.485495e-02	-1.378924e-02	-2.479954e-02	
5.982087e-03	-3.486251e-02	-9.827442e-03	-1.378924e-02	5.367103e-02	9.327896e-05	
2.993631e-03	-3.095009e-02	-8.304245e-03	-2.479954e-02	9.327896e-05	1.251592e-01	

VAR-COVAR MATRIX: ITER = 17500
3.011400e-03	-1.646948e-02	-1.173097e-03	3.315371e-03	5.960208e-03	2.963843e-03	
-1.646948e-02	1.298846e-01	-1.356924e-02	-2.024397e-02	-3.385650e-02	-2.968911e-02	
-1.173097e-03	-1.356924e-02	5.575985e-02	-1.348714e-02	-9.386323e-03	-9.799682e-03	
3.315371e-03	-2.024397e-02	-1.348714e-02	3.471224e-02	-1.395765e-02	-2.403951e-02	
5.960208e-03	-3.385650e-02	-9.386323e-03	-1.395765e-02	5.349778e-02	1.120923e-04	
2.963843e-03	-2.968911e-02	-9.799682e-03	-2.403951e-02	1.120923e-04	1.255523e-01	

VAR-COVAR MATRIX: ITER = 18000
3.023346e-03	-1.613554e-02	-1.153463e-03	3.226676e-03	6.072714e-03	2.976529e-03	
-1.613554e-02	1.245541e-01	-1.276845e-02	-2.038750e-02	-3.251213e-02	-2.911757e-02	
-1.153463e-03	-1.276845e-02	5.451133e-02	-1.363384e-02	-9.083756e-03	-8.141742e-03	
3.226676e-03	-2.038750e-02	-1.363384e-02	3.495024e-02	-1.339131e-02	-2.565452e-02	
6.072714e-03	-3.251213e-02	-9.083756e-03	-1.339131e-02	5.252488e-02	-1.335202e-04	
2.976529e-03	-2.911757e-02	-8.141742e-03	-2.565452e-02	-1.335202e-04	1.276207e-01	

VAR-COVAR MATRIX: ITER = 18500
2.997332e-03	-1.637756e-02	-8.088289e-04	3.100907e-03	5.953128e-03	3.437162e-03	
-1.637756e-02	1.259743e-01	-1.254734e-02	-2.043961e-02	-3.377425e-02	-3.041857e-02	
-8.088289e-04	-1.254734e-02	5.542580e-02	-1.377941e-02	-8.635017e-03	-8.165731e-03	
3.100907e-03	-2.043961e-02	-1.377941e-02	3.479508e-02	-1.381746e-02	-2.418049e-02	
5.953128e-03	-3.377425e-02	-8.635017e-03	-1.381746e-02	5.250435e-02	3.196898e-04	
3.437162e-03	-3.041857e-02	-8.165731e-03	-2.418049e-02	3.196898e-04	1.270684e-01	

VAR-COVAR MATRIX: ITER = 19000
3.119078e-03	-1.695065e-02	-6.422044e-04	3.165812e-03	6.041006e-03	3.515382e-03	
-1.695065e-02	1.271495e-01	-1.313297e-02	-2.026851e-02	-3.466828e-02	-2.985136e-02	
-6.422044e-04	-1.313297e-02	5.500313e-02	-1.382807e-02	-7.680104e-03	-7.405420e-03	
3.165812e-03	-2.026851e-02	-1.382807e-02	3.504079e-02	-1.401298e-02	-2.442481e-02	
6.041006e-03	-3.466828e-02	-7.680104e-03	-1.401298e-02	5.191687e-02	5.644499e-04	
3.515382e-03	-2.985136e-02	-7.405420e-03	-2.442481e-02	5.644499e-04	1.255262e-01	

VAR-COVAR MATRIX: ITER = 19500
3.066812e-03	-1.677921e-02	-3.881621e-04	2.939384e-03	6.061920e-03	3.513913e-03	
-1.677921e-02	1.266838e-01	-1.356630e-02	-1.922148e-02	-3.467129e-02	-3.189530e-02	
-3.881621e-04	-1.356630e-02	5.584029e-02	-1.212617e-02	-9.276609e-03	-8.688741e-03	
2.939384e-03	-1.922148e-02	-1.212617e-02	3.439587e-02	-1.477142e-02	-2.476567e-02	
6.061920e-03	-3.467129e-02	-9.276609e-03	-1.477142e-02	5.357228e-02	1.555309e-03	
3.513913e-03	-3.189530e-02	-8.688741e-03	-2.476567e-02	1.555309e-03	1.275293e-01	

VAR-COVAR MATRIX: ITER = 20000
3.029821e-03	-1.659038e-02	-4.261981e-04	3.200769e-03	5.403938e-03	3.639867e-03	
-1.659038e-02	1.253450e-01	-1.329134e-02	-2.018996e-02	-3.125876e-02	-3.289243e-02	
-4.261981e-04	-1.329134e-02	5.533686e-02	-1.281948e-02	-8.948675e-03	-7.124698e-03	
3.200769e-03	-2.018996e-02	-1.281948e-02	3.467372e-02	-1.388173e-02	-2.505846e-02	
5.403938e-03	-3.125876e-02	-8.948675e-03	-1.388173e-02	4.913236e-02	1.625990e-03	
3.639867e-03	-3.289243e-02	-7.124698e-03	-2.505846e-02	1.625990e-03	1.272732e-01	

VAR-COVAR MATRIX: ITER = 20500
3.104704e-03	-1.672565e-02	-4.125891e-04	3.494201e-03	5.629524e-03	2.857425e-03	
-1.672565e-02	1.257968e-01	-1.509026e-02	-2.063277e-02	-3.185452e-02	-3.013859e-02	
-4.125891e-04	-1.509026e-02	5.469913e-02	-1.238442e-02	-8.300693e-03	-7.464490e-03	
3.494201e-03	-2.063277e-02	-1.238442e-02	3.539644e-02	-1.405255e-02	-2.496201e-02	
5.629524e-03	-3.185452e-02	-8.300693e-03	-1.405255e-02	5.026277e-02	5.604075e-04	
2.857425e-03	-3.013859e-02	-7.464490e-03	-2.496201e-02	5.604075e-04	1.235964e-01	

VAR-COVAR MATRIX: ITER = 21000
3.226177e-03	-1.703524e-02	-2.832335e-04	3.282674e-03	6.160709e-03	3.113580e-03	
-1.703524e-02	1.245663e-01	-1.391501e-02	-1.970362e-02	-3.356938e-02	-3.226671e-02	
-2.832335e-04	-1.391501e-02	5.361810e-02	-1.175316e-02	-7.482926e-03	-1.019251e-02	
3.282674e-03	-1.970362e-02	-1.175316e-02	3.469826e-02	-1.419868e-02	-2.496912e-02	
6.160709e-03	-3.356938e-02	-7.482926e-03	-1.419868e-02	5.120848e-02	2.966027e-03	
3.113580e-03	-3.226671e-02	-1.019251e-02	-2.496912e-02	2.966027e-03	1.237314e-01	

VAR-COVAR MATRIX: ITER = 21500
3.385343e-03	-1.761589e-02	-3.357620e-04	3.494582e-03	6.444441e-03	3.148776e-03	
-1.761589e-02	1.244731e-01	-1.325187e-02	-2.091542e-02	-3.357227e-02	-3.243166e-02	
-3.357620e-04	-1.325187e-02	5.439481e-02	-1.252484e-02	-8.392294e-03	-7.516741e-03	
3.494582e-03	-2.091542e-02	-1.252484e-02	3.494198e-02	-1.296893e-02	-2.461062e-02	
6.444441e-03	-3.357227e-02	-8.392294e-03	-1.296893e-02	5.144343e-02	3.418661e-04	
3.148776e-03	-3.243166e-02	-7.516741e-03	-2.461062e-02	3.418661e-04	1.252312e-01	

VAR-COVAR MATRIX: ITER = 22000
3.239487e-03	-1.700496e-02	-4.656529e-04	3.583424e-03	6.241713e-03	2.352449e-03	
-1.700496e-02	1.248205e-01	-1.326434e-02	-2.112312e-02	-3.293902e-02	-2.987343e-02	
-4.656529e-04	-1.326434e-02	5.276635e-02	-1.200198e-02	-8.508140e-03	-8.741345e-03	
3.583424e-03	-2.112312e-02	-1.200198e-02	3.474005e-02	-1.291698e-02	-2.453826e-02	
6.241713e-03	-3.293902e-02	-8.508140e-03	-1.291698e-02	5.150554e-02	-1.185131e-04	
2.352449e-03	-2.987343e-02	-8.741345e-03	-2.453826e-02	-1.185131e-04	1.214132e-01	

VAR-COVAR MATRIX: ITER = 22500
3.177501e-03	-1.700979e-02	-6.392210e-04	3.303118e-03	6.425268e-03	2.738857e-03	
-1.700979e-02	1.273396e-01	-1.338616e-02	-2.023526e-02	-3.448077e-02	-3.193011e-02	
-6.392210e-04	-1.338616e-02	5.427458e-02	-1.200081e-02	-9.875430e-03	-6.467967e-03	
3.303118e-03	-2.023526e-02	-1.200081e-02	3.538524e-02	-1.394694e-02	-2.681426e-02	
6.425268e-03	-3.448077e-02	-9.875430e-03	-1.394694e-02	5.312769e-02	2.345198e-03	
2.738857e-03	-3.193011e-02	-6.467967e-03	-2.681426e-02	2.345198e-03	1.251610e-01	

VAR-COVAR MATRIX: ITER = 23000
3.182019e-03	-1.673205e-02	-9.411687e-04	3.252877e-03	6.536356e-03	2.870812e-03	
-1.673205e-02	1.249075e-01	-1.426920e-02	-1.934597e-02	-3.440572e-02	-3.077878e-02	
-9.411687e-04	-1.426920e-02	5.569156e-02	-1.247917e-02	-9.426071e-03	-8.638781e-03	
3.252877e-03	-1.934597e-02	-1.247917e-02	3.429673e-02	-1.413307e-02	-2.432356e-02	
6.536356e-03	-3.440572e-02	-9.426071e-03	-1.413307e-02	5.403293e-02	1.367679e-03	
2.870812e-03	-3.077878e-02	-8.638781e-03	-2.432356e-02	1.367679e-03	1.246871e-01	

VAR-COVAR MATRIX: ITER = 23500
3.151739e-03	-1.689995e-02	-7.472139e-04	3.453411e-03	6.342490e-03	2.218057e-03	
-1.689995e-02	1.281504e-01	-1.288440e-02	-1.989489e-02	-3.590897e-02	-3.022204e-02	
-7.472139e-04	-1.288440e-02	5.583913e-02	-1.144739e-02	-1.096722e-02	-8.418323e-03	
3.453411e-03	-1.989489e-02	-1.144739e-02	3.389325e-02	-1.353712e-02	-2.435790e-02	
6.342490e-03	-3.590897e-02	-1.096722e-02	-1.353712e-02	5.540400e-02	-1.743120e-03	
2.218057e-03	-3.022204e-02	-8.418323e-03	-2.435790e-02	-1.743120e-03	1.265766e-01	

VAR-COVAR MATRIX: ITER = 24000
3.165996e-03	-1.693478e-02	-7.214984e-04	3.533099e-03	6.286095e-03	1.974638e-03	
-1.693478e-02	1.291345e-01	-1.427106e-02	-2.012202e-02	-3.409333e-02	-3.142178e-02	
-7.214984e-04	-1.427106e-02	5.632367e-02	-1.218759e-02	-8.711920e-03	-9.301301e-03	
3.533099e-03	-2.012202e-02	-1.218759e-02	3.317083e-02	-1.245752e-02	-2.366199e-02	
6.286095e-03	-3.409333e-02	-8.711920e-03	-1.245752e-02	5.145135e-02	-1.587632e-03	
1.974638e-03	-3.142178e-02	-9.301301e-03	-2.366199e-02	-1.587632e-03	1.248556e-01	

VAR-COVAR MATRIX: ITER = 24500
3.024400e-03	-1.625584e-02	-5.613604e-04	3.378612e-03	5.979386e-03	1.580507e-03	
-1.625584e-02	1.263553e-01	-1.442121e-02	-1.929150e-02	-3.345968e-02	-2.884337e-02	
-5.613604e-04	-1.442121e-02	5.576322e-02	-1.144670e-02	-8.488652e-03	-1.050670e-02	
3.378612e-03	-1.929150e-02	-1.144670e-02	3.430162e-02	-1.474696e-02	-2.411808e-02	
5.979386e-03	-3.345968e-02	-8.488652e-03	-1.474696e-02	5.312437e-02	-1.245755e-03	
1.580507e-03	-2.884337e-02	-1.050670e-02	-2.411808e-02	-1.245755e-03	1.221677e-01	

VAR-COVAR MATRIX: ITER = 25000
3.120815e-03	-1.653368e-02	-1.042212e-03	3.614961e-03	6.101540e-03	2.105738e-03	
-1.653368e-02	1.262235e-01	-1.441252e-02	-1.876823e-02	-3.401643e-02	-3.101153e-02	
-1.042212e-03	-1.441252e-02	5.554392e-02	-1.235007e-02	-9.225027e-03	-9.056679e-03	
3.614961e-03	-1.876823e-02	-1.235007e-02	3.435174e-02	-1.337665e-02	-2.489358e-02	
6.101540e-03	-3.401643e-02	-9.225027e-03	-1.337665e-02	5.174261e-02	-5.083017e-04	
2.105738e-03	-3.101153e-02	-9.056679e-03	-2.489358e-02	-5.083017e-04	1.260468e-01	

VAR-COVAR MATRIX: ITER = 25500
3.058455e-03	-1.628403e-02	-1.241903e-03	3.135679e-03	6.289208e-03	2.781448e-03	
-1.628403e-02	1.258804e-01	-1.329114e-02	-1.828611e-02	-3.376248e-02	-3.183770e-02	
-1.241903e-03	-1.329114e-02	5.472279e-02	-1.218211e-02	-9.625486e-03	-9.836660e-03	
3.135679e-03	-1.828611e-02	-1.218211e-02	3.365966e-02	-1.398365e-02	-2.445235e-02	
6.289208e-03	-3.376248e-02	-9.625486e-03	-1.398365e-02	5.167707e-02	1.184155e-03	
2.781448e-03	-3.183770e-02	-9.836660e-03	-2.445235e-02	1.184155e-03	1.279333e-01	

VAR-COVAR MATRIX: ITER = 26000
3.037444e-03	-1.626958e-02	-1.112363e-03	3.112039e-03	6.520613e-03	2.101823e-03	
-1.626958e-02	1.271331e-01	-1.283596e-02	-1.947248e-02	-3.418991e-02	-2.961010e-02	
-1.112363e-03	-1.283596e-02	5.524388e-02	-1.235560e-02	-1.002253e-02	-8.182245e-03	
3.112039e-03	-1.947248e-02	-1.235560e-02	3.330254e-02	-1.268254e-02	-2.548700e-02	
6.520613e-03	-3.418991e-02	-1.002253e-02	-1.268254e-02	5.223947e-02	-5.423863e-04	
2.101823e-03	-2.961010e-02	-8.182245e-03	-2.548700e-02	-5.423863e-04	1.264319e-01	

VAR-COVAR MATRIX: ITER = 26500
2.992635e-03	-1.597425e-02	-1.100867e-03	3.161576e-03	6.120296e-03	2.151029e-03	
-1.597425e-02	1.250543e-01	-1.308696e-02	-1.847285e-02	-3.451937e-02	-2.873733e-02	
-1.100867e-03	-1.308696e-02	5.498814e-02	-1.169292e-02	-1.009583e-02	-9.018327e-03	
3.161576e-03	-1.847285e-02	-1.169292e-02	3.320132e-02	-1.310145e-02	-2.479237e-02	
6.120296e-03	-3.451937e-02	-1.009583e-02	-1.310145e-02	5.114296e-02	-3.177107e-04	
2.151029e-03	-2.873733e-02	-9.018327e-03	-2.479237e-02	-3.177107e-04	1.252547e-01	

VAR-COVAR MATRIX: ITER = 27000
3.011415e-03	-1.587536e-02	-1.020337e-03	3.135700e-03	6.183466e-03	2.070015e-03	
-1.587536e-02	1.239131e-01	-1.490337e-02	-1.816108e-02	-3.321636e-02	-2.907423e-02	
-1.020337e-03	-1.490337e-02	5.541677e-02	-1.070886e-02	-1.112490e-02	-8.812775e-03	
3.135700e-03	-1.816108e-02	-1.070886e-02	3.197777e-02	-1.292377e-02	-2.331951e-02	
6.183466e-03	-3.321636e-02	-1.112490e-02	-1.292377e-02	5.186637e-02	-1.332365e-03	
2.070015e-03	-2.907423e-02	-8.812775e-03	-2.331951e-02	-1.332365e-03	1.228917e-01	

VAR-COVAR MATRIX: ITER = 27500
3.210835e-03	-1.692922e-02	-1.086704e-03	3.333957e-03	6.525533e-03	2.878410e-03	
-1.692922e-02	1.274614e-01	-1.488955e-02	-1.944466e-02	-3.594362e-02	-2.882320e-02	
-1.086704e-03	-1.488955e-02	5.465297e-02	-1.093545e-02	-9.962406e-03	-9.664491e-03	
3.333957e-03	-1.944466e-02	-1.093545e-02	3.247041e-02	-1.245793e-02	-2.432371e-02	
6.525533e-03	-3.594362e-02	-9.962406e-03	-1.245793e-02	5.194034e-02	2.922565e-04	
2.878410e-03	-2.882320e-02	-9.664491e-03	-2.432371e-02	2.922565e-04	1.298234e-01	

VAR-COVAR MATRIX: ITER = 28000
3.207297e-03	-1.656709e-02	-1.199812e-03	3.536849e-03	6.147741e-03	2.888366e-03	
-1.656709e-02	1.244890e-01	-1.541032e-02	-1.976564e-02	-3.257813e-02	-3.048950e-02	
-1.199812e-03	-1.541032e-02	5.574279e-02	-1.245195e-02	-9.367041e-03	-8.089912e-03	
3.536849e-03	-1.976564e-02	-1.245195e-02	3.383518e-02	-1.247740e-02	-2.467195e-02	
6.147741e-03	-3.257813e-02	-9.367041e-03	-1.247740e-02	4.968274e-02	-1.403411e-04	
2.888366e-03	-3.048950e-02	-8.089912e-03	-2.467195e-02	-1.403411e-04	1.300949e-01	

VAR-COVAR MATRIX: ITER = 28500
3.292557e-03	-1.726963e-02	-7.980445e-04	3.606503e-03	6.427360e-03	2.518528e-03	
-1.726963e-02	1.274795e-01	-1.468552e-02	-2.041792e-02	-3.415521e-02	-3.101463e-02	
-7.980445e-04	-1.468552e-02	5.542895e-02	-1.195230e-02	-8.891516e-03	-8.850586e-03	
3.606503e-03	-2.041792e-02	-1.195230e-02	3.384160e-02	-1.196410e-02	-2.516434e-02	
6.427360e-03	-3.415521e-02	-8.891516e-03	-1.196410e-02	4.877444e-02	1.808623e-03	
2.518528e-03	-3.101463e-02	-8.850586e-03	-2.516434e-02	1.808623e-03	1.253196e-01	

VAR-COVAR MATRIX: ITER = 29000
3.217588e-03	-1.671451e-02	-1.029568e-03	3.702365e-03	6.346246e-03	1.729755e-03	
-1.671451e-02	1.253605e-01	-1.260854e-02	-2.009945e-02	-3.351136e-02	-3.087933e-02	
-1.029568e-03	-1.260854e-02	5.393449e-02	-1.158992e-02	-9.607035e-03	-8.606274e-03	
3.702365e-03	-2.009945e-02	-1.158992e-02	3.391157e-02	-1.236259e-02	-2.536585e-02	
6.346246e-03	-3.351136e-02	-9.607035e-03	-1.236259e-02	5.039889e-02	8.819367e-05	
1.729755e-03	-3.087933e-02	-8.606274e-03	-2.536585e-02	8.819367e-05	1.238005e-01	

VAR-COVAR MATRIX: ITER = 29500
3.117629e-03	-1.645502e-02	-9.320854e-04	3.595274e-03	6.330468e-03	1.296215e-03	
-1.645502e-02	1.259969e-01	-1.262763e-02	-1.952791e-02	-3.336162e-02	-3.135584e-02	
-9.320854e-04	-1.262763e-02	5.375174e-02	-1.167067e-02	-8.589479e-03	-8.981818e-03	
3.595274e-03	-1.952791e-02	-1.167067e-02	3.495746e-02	-1.369506e-02	-2.601931e-02	
6.330468e-03	-3.336162e-02	-8.589479e-03	-1.369506e-02	5.115016e-02	-1.307929e-04	
1.296215e-03	-3.135584e-02	-8.981818e-03	-2.601931e-02	-1.307929e-04	1.234943e-01	

VAR-COVAR MATRIX: ITER = 30000
3.023054e-03	-1.628233e-02	-8.406778e-04	3.295411e-03	6.168794e-03	1.630789e-03	
-1.628233e-02	1.278480e-01	-1.284729e-02	-2.004604e-02	-3.285854e-02	-3.083694e-02	
-8.406778e-04	-1.284729e-02	5.591919e-02	-1.197008e-02	-8.449735e-03	-9.562147e-03	
3.295411e-03	-2.004604e-02	-1.197008e-02	3.465414e-02	-1.386618e-02	-2.530472e-02	
6.168794e-03	-3.285854e-02	-8.449735e-03	-1.386618e-02	5.118632e-02	-1.408904e-03	
1.630789e-03	-3.083694e-02	-9.562147e-03	-2.530472e-02	-1.408904e-03	1.249414e-01	

VAR-COVAR MATRIX: ITER = 30500
3.054268e-03	-1.644785e-02	-7.628618e-04	3.456071e-03	5.877909e-03	1.891059e-03	
-1.644785e-02	1.288084e-01	-1.287366e-02	-1.989776e-02	-3.349986e-02	-3.207736e-02	
-7.628618e-04	-1.287366e-02	5.566853e-02	-1.128511e-02	-8.607575e-03	-1.021667e-02	
3.456071e-03	-1.989776e-02	-1.128511e-02	3.383337e-02	-1.347517e-02	-2.384578e-02	
5.877909e-03	-3.349986e-02	-8.607575e-03	-1.347517e-02	4.975295e-02	-6.885810e-04	
1.891059e-03	-3.207736e-02	-1.021667e-02	-2.384578e-02	-6.885810e-04	1.231632e-01	

VAR-COVAR MATRIX: ITER = 31000
3.172554e-03	-1.646869e-02	-1.182740e-03	3.815119e-03	6.203498e-03	1.454770e-03	
-1.646869e-02	1.268196e-01	-1.289628e-02	-1.945976e-02	-3.359623e-02	-3.235946e-02	
-1.182740e-03	-1.289628e-02	5.548500e-02	-1.267041e-02	-7.869858e-03	-9.824828e-03	
3.815119e-03	-1.945976e-02	-1.267041e-02	3.424669e-02	-1.236995e-02	-2.407836e-02	
6.203498e-03	-3.359623e-02	-7.869858e-03	-1.236995e-02	5.029760e-02	-2.954385e-03	
1.454770e-03	-3.235946e-02	-9.824828e-03	-2.407836e-02	-2.954385e-03	1.241812e-01	

VAR-COVAR MATRIX: ITER = 31500
3.111792e-03	-1.653859e-02	-7.824476e-04	3.397939e-03	6.335383e-03	1.905290e-03	
-1.653859e-02	1.261866e-01	-1.318627e-02	-1.974263e-02	-3.295766e-02	-3.279507e-02	
-7.824476e-04	-1.318627e-02	5.726289e-02	-1.359656e-02	-7.291519e-03	-7.864961e-03	
3.397939e-03	-1.974263e-02	-1.359656e-02	3.401908e-02	-1.268006e-02	-2.531681e-02	
6.335383e-03	-3.295766e-02	-7.291519e-03	-1.268006e-02	4.981295e-02	-6.602805e-04	
1.905290e-03	-3.279507e-02	-7.864961e-03	-2.531681e-02	-6.602805e-04	1.263369e-01	

VAR-COVAR MATRIX: ITER = 32000
3.248587e-03	-1.717125e-02	-1.070661e-03	3.760538e-03	6.405842e-03	2.255952e-03	
-1.717125e-02	1.289407e-01	-1.322489e-02	-2.055961e-02	-3.446979e-02	-3.296843e-02	
-1.070661e-03	-1.322489e-02	5.657542e-02	-1.380802e-02	-7.572547e-03	-8.412217e-03	
3.760538e-03	-2.055961e-02	-1.380802e-02	3.477322e-02	-1.254268e-02	-2.378808e-02	
6.405842e-03	-3.446979e-02	-7.572547e-03	-1.254268e-02	4.987094e-02	3.751845e-05	
2.255952e-03	-3.296843e-02	-8.412217e-03	-2.378808e-02	3.751845e-05	1.228294e-01	

VAR-COVAR MATRIX: ITER = 32500
3.327892e-03	-1.679061e-02	-1.271962e-03	3.714069e-03	6.847510e-03	1.813359e-03	
-1.679061e-02	1.239764e-01	-1.320490e-02	-1.957086e-02	-3.409012e-02	-3.187611e-02	
-1.271962e-03	-1.320490e-02	5.446226e-02	-1.368353e-02	-7.292351e-03	-7.630692e-03	
3.714069e-03	-1.957086e-02	-1.368353e-02	3.515768e-02	-1.285211e-02	-2.595071e-02	
6.847510e-03	-3.409012e-02	-7.292351e-03	-1.285211e-02	5.171063e-02	2.142015e-04	
1.813359e-03	-3.187611e-02	-7.630692e-03	-2.595071e-02	2.142015e-04	1.249859e-01	

VAR-COVAR MATRIX: ITER = 33000
3.263842e-03	-1.713383e-02	-8.521398e-04	3.645562e-03	6.337479e-03	2.253635e-03	
-1.713383e-02	1.272531e-01	-1.368591e-02	-2.131787e-02	-3.309130e-02	-3.061007e-02	
-8.521398e-04	-1.368591e-02	5.482498e-02	-1.243051e-02	-7.892480e-03	-7.807569e-03	
3.645562e-03	-2.131787e-02	-1.243051e-02	3.444261e-02	-1.275231e-02	-2.521110e-02	
6.337479e-03	-3.309130e-02	-7.892480e-03	-1.275231e-02	4.963944e-02	1.212216e-04	
2.253635e-03	-3.061007e-02	-7.807569e-03	-2.521110e-02	1.212216e-04	1.262781e-01	

VAR-COVAR MATRIX: ITER = 33500
3.311857e-03	-1.745288e-02	-7.581539e-04	3.647513e-03	6.406079e-03	2.544361e-03	
-1.745288e-02	1.289844e-01	-1.518017e-02	-2.034931e-02	-3.463250e-02	-3.215788e-02	
-7.581539e-04	-1.518017e-02	5.731347e-02	-1.186836e-02	-9.005753e-03	-8.626468e-03	
3.647513e-03	-2.034931e-02	-1.186836e-02	3.347455e-02	-1.241447e-02	-2.375311e-02	
6.406079e-03	-3.463250e-02	-9.005753e-03	-1.241447e-02	5.045111e-02	-2.664901e-06	
2.544361e-03	-3.215788e-02	-8.626468e-03	-2.375311e-02	-2.664901e-06	1.254775e-01	

VAR-COVAR MATRIX: ITER = 34000
3.075139e-03	-1.628274e-02	-9.948417e-04	3.371381e-03	6.082004e-03	2.274337e-03	
-1.628274e-02	1.239333e-01	-1.416039e-02	-1.861956e-02	-3.363954e-02	-2.994846e-02	
-9.948417e-04	-1.416039e-02	5.663716e-02	-1.280304e-02	-8.263057e-03	-8.699412e-03	
3.371381e-03	-1.861956e-02	-1.280304e-02	3.320352e-02	-1.296191e-02	-2.371784e-02	
6.082004e-03	-3.363954e-02	-8.263057e-03	-1.296191e-02	5.089055e-02	-2.273846e-03	
2.274337e-03	-2.994846e-02	-8.699412e-03	-2.371784e-02	-2.273846e-03	1.264793e-01	

VAR-COVAR MATRIX: ITER = 34500
3.106984e-03	-1.658417e-02	-1.135125e-03	3.546398e-03	6.175755e-03	2.249313e-03	
-1.658417e-02	1.275182e-01	-1.411429e-02	-2.029475e-02	-3.348877e-02	-3.037277e-02	
-1.135125e-03	-1.411429e-02	5.634240e-02	-1.273608e-02	-8.375273e-03	-9.185267e-03	
3.546398e-03	-2.029475e-02	-1.273608e-02	3.293564e-02	-1.205519e-02	-2.334364e-02	
6.175755e-03	-3.348877e-02	-8.375273e-03	-1.205519e-02	5.000176e-02	-1.861189e-03	
2.249313e-03	-3.037277e-02	-9.185267e-03	-2.334364e-02	-1.861189e-03	1.269452e-01	

VAR-COVAR MATRIX: ITER = 35000
2.857924e-03	-1.573712e-02	-1.026907e-03	3.247443e-03	5.542087e-03	2.436255e-03	
-1.573712e-02	1.258316e-01	-1.342115e-02	-2.076377e-02	-3.229852e-02	-2.665285e-02	
-1.026907e-03	-1.342115e-02	5.704269e-02	-1.258362e-02	-8.594738e-03	-9.586272e-03	
3.247443e-03	-2.076377e-02	-1.258362e-02	3.329501e-02	-1.333353e-02	-2.295694e-02	
5.542087e-03	-3.229852e-02	-8.594738e-03	-1.333353e-02	4.944953e-02	-1.294857e-03	
2.436255e-03	-2.665285e-02	-9.586272e-03	-2.295694e-02	-1.294857e-03	1.234751e-01	

VAR-COVAR MATRIX: ITER = 35500
2.995465e-03	-1.638456e-02	-1.185547e-03	3.193469e-03	5.904067e-03	3.271386e-03	
-1.638456e-02	1.276568e-01	-1.191958e-02	-2.065770e-02	-3.321044e-02	-3.207919e-02	
-1.185547e-03	-1.191958e-02	5.674953e-02	-1.322644e-02	-9.095708e-03	-7.565756e-03	
3.193469e-03	-2.065770e-02	-1.322644e-02	3.309737e-02	-1.311017e-02	-2.322024e-02	
5.904067e-03	-3.321044e-02	-9.095708e-03	-1.311017e-02	5.032062e-02	-5.994170e-05	
3.271386e-03	-3.207919e-02	-7.565756e-03	-2.322024e-02	-5.994170e-05	1.287487e-01	

VAR-COVAR MATRIX: ITER = 36000
3.065552e-03	-1.669611e-02	-9.656772e-04	3.533644e-03	5.855912e-03	2.439267e-03	
-1.669611e-02	1.307280e-01	-1.440284e-02	-2.031147e-02	-3.381821e-02	-3.161958e-02	
-9.656772e-04	-1.440284e-02	5.637142e-02	-1.287729e-02	-8.190275e-03	-7.168565e-03	
3.533644e-03	-2.031147e-02	-1.287729e-02	3.435599e-02	-1.308792e-02	-2.571583e-02	
5.855912e-03	-3.381821e-02	-8.190275e-03	-1.308792e-02	4.955259e-02	-4.424774e-04	
2.439267e-03	-3.161958e-02	-7.168565e-03	-2.571583e-02	-4.424774e-04	1.310932e-01	

VAR-COVAR MATRIX: ITER = 36500
3.078628e-03	-1.665624e-02	-1.075740e-03	3.483217e-03	6.205978e-03	1.917787e-03	
-1.665624e-02	1.306273e-01	-1.241319e-02	-2.062267e-02	-3.394160e-02	-3.147611e-02	
-1.075740e-03	-1.241319e-02	5.480971e-02	-1.230528e-02	-8.471863e-03	-8.966095e-03	
3.483217e-03	-2.062267e-02	-1.230528e-02	3.442964e-02	-1.392180e-02	-2.492487e-02	
6.205978e-03	-3.394160e-02	-8.471863e-03	-1.392180e-02	5.198458e-02	1.275337e-04	
1.917787e-03	-3.147611e-02	-8.966095e-03	-2.492487e-02	1.275337e-04	1.245052e-01	

VAR-COVAR MATRIX: ITER = 37000
2.997693e-03	-1.619065e-02	-1.215420e-03	3.380820e-03	6.065068e-03	2.011956e-03	
-1.619065e-02	1.281550e-01	-1.225770e-02	-2.041582e-02	-3.255702e-02	-3.164459e-02	
-1.215420e-03	-1.225770e-02	5.564834e-02	-1.289698e-02	-8.755599e-03	-7.505087e-03	
3.380820e-03	-2.041582e-02	-1.289698e-02	3.440689e-02	-1.383395e-02	-2.530522e-02	
6.065068e-03	-3.255702e-02	-8.755599e-03	-1.383395e-02	5.103251e-02	2.645834e-04	
