"","RIMMA0388.1","RIMMA0389.1","RIMMA0390.1","RIMMA0391.1B","RIMMA0392.1","RIMMA0393.1","RIMMA0394.2","RIMMA0395.2","RIMMA0396.1","RIMMA0397.1","RIMMA0398.1","RIMMA0399.1","RIMMA0403.2","RIMMA0404.1","RIMMA0405.1B","RIMMA0406.1","RIMMA0407.1","RIMMA0409.1","RIMMA0410.1B","RIMMA0416.1","RIMMA0417.1","RIMMA0418.1","RIMMA0421.1","RIMMA0422.1","RIMMA0423.1","RIMMA0424.1","RIMMA0425.1","RIMMA0426.1","RIMMA0428.1","RIMMA0430.1","RIMMA0431.1","RIMMA0433.1","RIMMA0436.1","RIMMA0437.1","RIMMA0438.1","RIMMA0439.1","RIMMA0441.1","RIMMA0462.1","RIMMA0464.1","RIMMA0465.1","RIMMA0466.1","RIMMA0467.1","RIMMA0468.1","RIMMA0473.1","RIMMA0614.1","RIMMA0615.1","RIMMA0616.1","RIMMA0619.1","RIMMA0620.1","RIMMA0621.1","RIMMA0623.1","RIMMA0625.1","RIMMA0626.1","RIMMA0628.1","RIMMA0630.1","RIMMA0657.1","RIMMA0658.1","RIMMA0661.1","RIMMA0662.1","RIMMA0663.1","RIMMA0667.1","RIMMA0671.1","RIMMA0674.1","RIMMA0680.1","RIMMA0690.1","RIMMA0691.1","RIMMA0696.1","RIMMA0700.1","RIMMA0701.1","RIMMA0702.1","RIMMA0703.1","RIMMA0708.1","RIMMA0709.1","RIMMA0710.1","RIMMA0712.1","RIMMA0716.1","RIMMA0720.1","RIMMA0721.1","RIMMA0727.1","RIMMA0729.1","RIMMA0730.1","RIMMA0731.1","RIMMA0733.1"
"RIMMA0388.1",1.19681685740232,0.0867013645677171,0.0971823607825644,0.070986729813715,0.122784454439731,0.0938970167432124,0.0564619329510784,0.0784701652571767,0.0772180186854071,0.0695684616982796,0.0850791111381358,0.0604100366464653,0.0767425397108588,0.0607646755755206,0.0371264640415349,0.0769841022217767,0.0761229791529662,-0.0189401401059643,0.00494138932580868,-0.119593695285093,-0.0922175859183624,-0.0827187230200056,-0.0891019717989493,-0.0836774981089281,-0.0987941581898273,-0.100492541720176,-0.0870633791711134,-0.0427820959762546,0.0204361831574967,-0.0381666057918372,-0.0686488434411532,0.0117125539447973,-0.0515924867674405,-0.0681831184565557,-0.0409904266178583,-0.0440619478334981,-0.0243132995455542,0.0735145800959971,-0.0848537949588752,-0.0454537105407211,-0.0550563172002004,-0.0529038864303046,-0.0613404506948958,0.0156763172252393,-0.110318013602573,0.0238074931303392,-0.0673878539987182,-0.04886395858942,-0.0362049592478086,-0.066007321933734,-0.0826370169967127,-0.106345614165005,-0.090760223917763,-0.0353935414783793,-0.0873827289862377,-0.0488572821545484,-0.0517422325151053,-0.0250610975707913,-0.0152887624258397,-0.0242735276797577,-0.0527537675695835,-0.0379063513444413,-0.103377824866369,-0.0696449876705369,0.0626095416578046,0.0740522614123178,0.00942172347315275,0.013605122600025,-0.0125253469762649,0.000328296321036687,0.0164131959047559,0.0147599320025945,0.000833826795334478,-0.0114727412889015,-0.030342535558803,-0.00921850265428107,0.0111100415613837,-0.00332006384619725,-0.02442696894695,0.0098837772198419,-0.0263911498590947,-0.0423940189017749,-0.0151784343372242
"RIMMA0389.1",0.0867013645677171,1.06800361017641,0.0561752120873588,0.0522998998466813,0.0743839822258645,0.122592318385265,0.0982323854906035,0.120647971591665,0.0814434635675046,0.104815220481303,0.137527284754072,0.131338494003151,0.0249966472539761,0.0648458401906401,0.0883355818528372,0.0911152988255474,0.0889675574254909,0.0217413097565046,0.0558429675643533,-0.0812750751659195,-0.0874340538481059,-0.0960034366174268,-0.0819320366521031,-0.0906789981991352,-0.0806672289437941,-0.0919828728013737,-0.0709456587623312,-0.111463904902154,0.0412234883802243,-0.0880147091557886,-0.106367558280802,0.0308898724475177,-0.0719840655198522,-0.116509266811957,-0.0935687225767212,-0.0726136120159887,-0.0184420819365017,0.0346963761121646,-0.078197690215328,-0.0852149239635976,-0.115282506172579,-0.0940223636351707,-0.0914117816682665,-0.0623052832325446,-0.0997381280145154,0.0761445424401122,-0.0526155649278946,-0.0428789890512595,-0.000301618120984361,-0.0605737641049902,-0.101072551829072,-0.10659802183858,-0.0882711229477652,-0.0194613330589222,-0.0666967689004436,-0.102763934501054,-0.105402372135028,-0.0767144140561301,-0.0772121850582562,-0.0692457962299948,-0.0986045701693904,-0.0660590862122093,-0.0823431997859871,-0.0496639741352296,0.144979418480693,0.0559355662150236,0.0443477979627733,0.02708039162132,0.0211617765459471,0.0248325807256979,0.0523282400779229,0.00595304006464021,0.0331571326475582,0.021945899875974,-0.0206933875941535,0.0157524645835539,0.0469011680558808,0.0468078783231104,0.00161312258143531,0.0395789546580756,-0.0362137020068235,-0.0220602497116022,-0.00383355637879232
"RIMMA0390.1",0.0971823607825644,0.0561752120873588,1.08203429585868,0.0562610142534498,0.0669441123560626,0.0695627225667577,0.11312938662172,0.060695231621036,0.10584039668263,0.0673593760404907,0.0879149731757532,0.0699512239154893,0.0289589807193372,0.062893892322977,0.0873288864653984,0.0991303950261871,0.0844738955295149,0.020950189198673,0.0312205599550426,-0.0893398506253918,-0.0800668998913821,-0.0765424729330474,-0.094773635783121,-0.0901721135620208,-0.0712610334681493,-0.0879469506655352,-0.0884225996750507,-0.0722810187889334,0.0383311117638781,-0.0639167930264016,-0.0768905959918266,0.0290867811059551,-0.0440755084631922,-0.0683592503158361,-0.0718763145357463,-0.0857387194911811,-0.0246935576848276,0.0924338979048746,-0.0821810391938278,-0.0622176259374698,-0.0889962587524338,-0.0744556240126345,-0.0792114287484822,-0.0416448577398646,-0.107719628164381,0.0560157086935479,-0.0675989495961714,-0.0293897190072376,-0.00740128818916122,-0.05515887242486,-0.101299647599957,-0.112202615738288,-0.0919818975472643,-0.0193448313935444,-0.0863802101651342,-0.0764993238245764,-0.0574455293273928,-0.0621692629545106,-0.0734314720524153,-0.0683113883951302,-0.0783501867715359,-0.0718182429633443,-0.10574842025032,-0.063649177578727,0.0932349177041555,0.0566142611147742,0.0351481599110249,0.0119911030699778,0.00867529743420899,0.0166879789089966,0.0339508980316141,0.0208766281434492,0.0107136423022565,0.0538399611466732,-0.00781688603036277,0.00224007361782596,0.0435471067990676,0.0277125653774739,0.0134883942717231,0.0353026731549984,-0.0483399502454482,-0.0202627613692991,-0.00051385476016769
"RIMMA0391.1B",0.070986729813715,0.0522998998466813,0.0562610142534498,1.23708916357302,0.148044067254424,0.0334436136145128,0.0760812221201935,0.0549416227724376,0.114928127091904,0.049257069062567,0.0690462838230617,0.0878938846127688,0.0552643540311995,0.0554352844566024,0.00706656679969696,0.0879498071985316,0.0885394937129022,-0.0251319347183395,-0.0461688112248913,-0.100268185317351,-0.119937164203744,-0.105387735345642,-0.119941154590223,-0.110771570167033,-0.102544846952411,-0.106173339397695,-0.115452207636662,0.0106852488317344,0.0512427484779572,0.00794120282353547,-0.024176202657098,0.00524000806510416,0.00477462623271714,0.00493617379441188,0.00354702453771042,-0.000840401383104516,-0.0646616655145232,0.0696313731843645,-0.0568378681116455,0.0126420085641867,0.0096335628649947,0.0102822122885478,0.0112720933060953,0.0291940467929899,-0.126612541321095,0.0038537006939636,-0.0737339044414442,-0.0481012797163218,-0.0569145427288701,-0.0993287564815735,-0.127925902526161,-0.118451206395766,-0.114080364863119,-0.0545934669879562,-0.0995200111204885,0.0148638904154692,0.00451217440030936,0.0166475799796351,0.0237419071092815,0.01391694076637,-0.00135958847589729,-0.0882906025927039,-0.145280724808508,-0.0731120384195218,0.0332783538654793,0.082007298761031,-0.0195981977647634,-0.0398110502788258,-0.0337887438158024,-0.023505636100908,-0.0107834389759025,0.0262921184903334,-0.0215018309303355,-0.0144741638178537,-0.0390629929934613,-0.031478628616766,-0.0122749076693965,-0.00982383208220659,-0.0323423566663112,0.00222699528100342,-0.0717896517581633,-0.05780735932732,-0.0532506846670924
"RIMMA0392.1",0.122784454439731,0.0743839822258645,0.0669441123560626,0.148044067254424,1.09678447534241,0.0608463451420983,0.0732104959654477,0.10392519023178,0.106645562444232,0.0520625448551639,0.0613180609918578,0.0748832203541588,0.0914366900142335,0.0459953527509582,0.0229266103365919,0.124463300232128,0.108906742145606,-0.0105706839170534,-0.00694145666472022,-0.110586859704197,-0.113861320943534,-0.108340721106865,-0.0995810962289677,-0.0950997368618166,-0.105199589617475,-0.104874992694466,-0.0952856245353916,-0.0143643534206158,0.0417106678931714,-0.0357631821250047,-0.0545992591703122,0.00508535691824593,-0.0137086488620993,-0.0352675003056214,-0.0307210889404876,-0.0337840406630676,-0.0600105405237008,0.0687785374122843,-0.096382218088651,-0.0140184117977878,-0.0408465478582588,-0.0371521729667199,-0.0409323072239836,0.00729341634915051,-0.116067017622825,0.0222436428234305,-0.0775906247054337,-0.037352748314581,-0.0393824244413563,-0.0829760017915994,-0.119732286295793,-0.131038412057969,-0.106426282823911,-0.0649091183291283,-0.0825571977194929,-0.0173959990450826,-0.0245760734956286,-0.0116023841414351,-0.0131676719863616,-0.00895120644951547,-0.0130861852031632,-0.0750106713028598,-0.124555839180358,-0.0713847315422884,0.060257682476767,0.104703153369697,-0.00493308126302119,-0.0155267591036682,-0.0127478140298892,0.0139257078549543,0.00756029717976381,0.0391787102955898,0.00292518873417622,0.0107672556050225,-0.0295452011434886,-0.0242147993217253,0.00135164295285647,-0.000958077312124835,-0.0138184078501288,0.0115173422066347,-0.0574066847315988,-0.0565504767219381,-0.0415032770073043
"RIMMA0393.1",0.0938970167432124,0.122592318385265,0.0695627225667577,0.0334436136145128,0.0608463451420983,1.2437054965298,0.0878705951195066,0.131491576301727,0.0848484789424634,0.127201175322903,0.158842007631744,0.0968098802069104,0.0334275453061977,0.0688818498838239,0.109239919230114,0.0856879887760663,0.094636562428634,0.0468458576382854,0.034523347794749,-0.0696238818691522,-0.063357061790076,-0.0846939887119789,-0.0913831257041979,-0.0828007611697272,-0.0887251653672092,-0.07982491270225,-0.0809579153530676,-0.126248820363938,0.0416624379760151,-0.129571292170898,-0.138321328188868,0.0242419122792827,-0.0905653348719324,-0.123380071095189,-0.124995687549965,-0.133493456283132,-0.00861150366329207,0.0471867740174648,-0.076125099359866,-0.114706532802176,-0.147635305758227,-0.141971324388424,-0.133304471973015,-0.0971398981470432,-0.0937168192334797,0.0848981567511861,-0.0742178779740499,-0.0131945117663288,0.0175408496076462,-0.0494903323554833,-0.0603579133302197,-0.0921075794754214,-0.0669568755670467,-0.0045450193161996,-0.0748711110368367,-0.136799946883339,-0.127273065161439,-0.108425148467078,-0.127635203834611,-0.118725599300742,-0.131510012996738,-0.0434896967759596,-0.100359588695697,-0.0594274665991157,0.156345533735463,0.0594867420842834,0.0549969722888403,0.0526840331205012,0.0334184511449634,0.0399201161120461,0.0247157942863905,0.0217384597200495,0.0437801170239922,0.0404209023208703,0.0154782363763885,0.064963101229789,0.0280594189624901,0.0585578393583689,-0.00163503252858855,0.0415961060645492,-0.0268127999808864,-0.00722616073747769,0.0101684492750695
"RIMMA0394.2",0.0564619329510784,0.0982323854906035,0.11312938662172,0.0760812221201935,0.0732104959654477,0.0878705951195066,1.06680544138009,0.0830615488200692,0.129999165607651,0.0956803603924809,0.0737899594381298,0.113926805240591,0.0409846808432166,0.0596414385779594,0.0775829972759802,0.152095260088973,0.142021596608675,0.0158113013265332,0.00563913363371712,-0.0978974395475468,-0.110596305104894,-0.0925599108646859,-0.103733836329805,-0.0793621882465974,-0.0913449661363477,-0.105119501896095,-0.109629778128255,-0.0833856370252018,0.0338990773098728,-0.0707358495084644,-0.0865691925288659,0.0292063852895473,-0.0434491245066973,-0.0828386375932656,-0.0766160087320435,-0.0769848993059775,-0.0399457673312681,0.0932919053564569,-0.0692116870859681,-0.0773942258610127,-0.0919856386066256,-0.0626866270364737,-0.0845305647008199,-0.014803852123732,-0.110231918357438,0.0448961558943474,-0.0571485452985526,-0.0354764099298636,0.00377237391826303,-0.0561504409636578,-0.105827950846742,-0.115547702447116,-0.0989282303590607,-0.0264761092846745,-0.0860780850072213,-0.098793409131148,-0.0778890082598236,-0.0535537773887962,-0.0612056509185561,-0.0423630186775319,-0.0790496173174544,-0.0656661750679851,-0.111947412534482,-0.0653143596109249,0.100508147824003,0.0794173976979683,0.0214753081688496,0.0191840250690939,0.0114402236727501,0.0113983204635996,0.0184975532315152,0.0216092769426865,0.0259527408174292,0.0198255090342791,-0.0239503431391441,0.0222705143572689,0.0235509417661262,0.013548975344516,0.0137752971878503,0.0239191183265062,-0.0554142014505667,-0.0175810445548286,0.00251009357070253
"RIMMA0395.2",0.0784701652571767,0.120647971591665,0.060695231621036,0.0549416227724376,0.10392519023178,0.131491576301727,0.0830615488200692,1.32730905977456,0.0857095658788017,0.138060955739132,0.136372614712482,0.128523873111174,0.0353998527303082,0.0400381240902728,0.0699132207223727,0.109394882078289,0.104194856139543,-0.00769158411086672,0.0134214537113513,-0.10785524006414,-0.0894162828653312,-0.0989433789609955,-0.115039325086003,-0.102646605617348,-0.101334613253418,-0.0937956438061939,-0.114079479515797,-0.0701606005794841,0.029990412262423,-0.0631590588164067,-0.0751790722514636,0.0164807896142201,-0.0524550864941112,-0.0775546324885634,-0.0583050769470436,-0.0626771222274832,-0.0340464209119196,0.0692318591505936,-0.0875851017050591,-0.0547049616264371,-0.0655396324268239,-0.0610530763620981,-0.0689043081007518,-0.0244772285979316,-0.122114581894857,0.0332864642037763,-0.0864339979691147,-0.0588417624370485,-0.0167427958900547,-0.0826617393998998,-0.128091879795128,-0.120791183409043,-0.112058473133816,-0.0443213347120926,-0.0788228403386496,-0.0701000954326291,-0.0741468366922703,-0.0609103294712398,-0.0559462637045118,-0.0588108420627768,-0.0753632104889501,-0.0657606111044074,-0.120908232802279,-0.0663616942681862,0.123969701570718,0.0603612077982976,-0.00766563919830123,0.00779095303397645,0.00865835391432488,-0.00688167443076291,0.024635539137462,0.0118181073298848,0.00278549289541082,0.0226204174664593,0.000423554571745361,0.0116945623751071,0.0100766372201431,0.0282098876586226,0.00678837499955937,0.0159629062905255,-0.0474615422032047,-0.0382962579905508,-0.020259635131958
"RIMMA0396.1",0.0772180186854071,0.0814434635675046,0.10584039668263,0.114928127091904,0.106645562444232,0.0848484789424634,0.129999165607651,0.0857095658788017,1.05824660283347,0.0896271104867261,0.0868899919804765,0.111079884912794,0.060908776029869,0.0729885233525882,0.0460227969490897,0.182429015344756,0.133943290486496,-0.00665190180607847,0.00564445377601859,-0.106820605708973,-0.0999247626351252,-0.102889530379449,-0.131788448320054,-0.121201667591296,-0.104410928983984,-0.11362577981189,-0.108593211491127,-0.0516673069386427,0.0624234917753966,-0.0493393466250597,-0.0710772171121781,0.0160976381099359,-0.0380236933012761,-0.0578499435032641,-0.0601804170233896,-0.0618147458854731,-0.0633705797314579,0.0800040364149708,-0.0787276089134959,-0.0415772826948191,-0.0460284800553298,-0.0407647115557298,-0.0622613364648164,0.0163138898877578,-0.117454748656013,0.0245266906114254,-0.079799100899258,-0.0407904815519177,-0.0231908637526738,-0.0784130075788898,-0.115807425381066,-0.110416744551306,-0.108948466673922,-0.0457029493778669,-0.102907246374426,-0.0674057193244542,-0.0500713810946911,-0.020600607574423,-0.0391219040917522,-0.0309513795097371,-0.0487338034772902,-0.0766030093080587,-0.0991087961547017,-0.0537685696495083,0.101780381824981,0.0934738570051716,0.00864840107221439,-0.00898875752191855,-0.00951552016040214,0.0128947878805402,0.0099000209990806,0.0387632084546265,-0.00705299079732963,-0.00603446086276805,-0.0311530649297213,0.00865568302940398,0.014297015609328,-0.00157986543980469,-0.032303457820761,0.0101664477631096,-0.042090736383216,-0.0305904231499326,-0.0346637869100775
"RIMMA0397.1",0.0695684616982796,0.104815220481303,0.0673593760404907,0.049257069062567,0.0520625448551639,0.127201175322903,0.0956803603924809,0.138060955739132,0.0896271104867261,1.26647692354063,0.101250310691305,0.151630748075646,0.0132583764594948,0.0729566923957275,0.072145993401163,0.0983033621605322,0.0830232970899544,-0.00143033535616411,0.00145475918758798,-0.0978909282897181,-0.0973399995346405,-0.0932939068802294,-0.10211745713771,-0.0845586779685423,-0.0775124651991409,-0.100333449447528,-0.0848106274944817,-0.0863370040524863,0.0215779479594879,-0.097009327192642,-0.0930581618365581,0.0237166568996723,-0.0571622901122138,-0.0780339593942548,-0.0737620555452312,-0.0737110638507106,-0.0184531083541163,0.0525416448538469,-0.0625670435476789,-0.0717735410577253,-0.0997654573870805,-0.0831193530673451,-0.080750779763326,-0.0273056390486772,-0.1154822035732,0.0430910050641908,-0.0678955688002238,-0.035023624264246,0.000373163997933583,-0.0653693833619174,-0.108651332483732,-0.102989373079495,-0.0957688727307141,-0.0345747591132653,-0.0632735941052244,-0.0836464277238664,-0.078702027338044,-0.0726604013433993,-0.0820039795952232,-0.0710442973818697,-0.0833565274008224,-0.0677635410137929,-0.116060406103783,-0.0470336129783278,0.137862034251157,0.0896798411759255,0.0134415736459321,0.00472436562277558,0.022066741750612,0.013241075893304,0.0152257128077875,0.014040226336623,-0.0082937693409287,0.0394797097182847,0.00752213206970413,0.0154480361803737,0.0230600860599331,0.0219380717849211,-0.00313392934115362,0.0259545725587223,-0.057533772097925,-0.0339458181342093,-0.00281348288870358
"RIMMA0398.1",0.0850791111381358,0.137527284754072,0.0879149731757532,0.0690462838230617,0.0613180609918578,0.158842007631744,0.0737899594381298,0.136372614712482,0.0868899919804765,0.101250310691305,1.28701435168972,0.0987106466323329,0.0170506812952907,0.100980993304157,0.127529587176379,0.123586228291903,0.0760754154344154,0.0398538458736633,0.043224037753897,-0.0853008931251275,-0.0838395036760904,-0.100693643078029,-0.0930553049195473,-0.0996755906201358,-0.0834047794675334,-0.0867861064576224,-0.0971799447697945,-0.126095802770675,0.0582642752404004,-0.135522051768144,-0.137070366474694,0.0456529787952049,-0.0857375733055642,-0.13593847146548,-0.130114806142256,-0.11874422699648,-0.0254394364350887,0.0641023565314047,-0.104903901343752,-0.118326415628376,-0.125760453772154,-0.130700038029965,-0.153662268438129,-0.0947806918752482,-0.0810212664829136,0.0663279977532668,-0.0521971965225868,-0.0168630926871467,0.00683164611771054,-0.0468674740100508,-0.088497097163691,-0.105313448202683,-0.0835481297321758,-0.00231065301064445,-0.0463749100900982,-0.13414190441439,-0.135348209786359,-0.112100576504929,-0.101095597611711,-0.110842964720488,-0.127988851538291,-0.0646891935430509,-0.102370197366069,-0.0750649196343851,0.208795930977784,0.040630169597276,0.0653296152647816,0.0306869244961584,0.0413985358123487,0.0422898245433202,0.0299474869943582,0.0223919299749439,0.0233946537195008,0.0488857351318523,0.00219373871826094,0.0653838350815646,0.0367654138506521,0.030320321173431,0.0126380336292707,0.0195545088164609,-0.0360477349293039,-0.00174299049134472,0.00331638099351895
"RIMMA0399.1",0.0604100366464653,0.131338494003151,0.0699512239154893,0.0878938846127688,0.0748832203541588,0.0968098802069104,0.113926805240591,0.128523873111174,0.111079884912794,0.151630748075646,0.0987106466323329,1.17740150245,0.036825754860048,0.051798379682309,0.0548213034801108,0.132440446475272,0.145738236235374,0.00335969677774765,-0.00937645378390841,-0.0917959245214927,-0.112799884369584,-0.100194242444218,-0.109498083847147,-0.0921995709641089,-0.0885447521061786,-0.0990199310315611,-0.0888693256228102,-0.0557626483449176,0.0294399822872312,-0.0434218671300283,-0.0812193345729312,0.0224862327535243,-0.0486580897195453,-0.0566520951641477,-0.0488259452994168,-0.057475830936881,-0.0547860701169433,0.0480358388954499,-0.0723234691569258,-0.0319896822259073,-0.0689628188541829,-0.0527611567751809,-0.045276739088699,-0.0173806201032628,-0.11703630973014,0.0337430646259133,-0.0640601954008966,-0.0517591995869424,-0.0395573013493008,-0.0726298132403816,-0.130025848162001,-0.120445362544044,-0.099265262441355,-0.0469552370986821,-0.0953457188201242,-0.0577148158047892,-0.0639211073123172,-0.0337650174631254,-0.0480320121858452,-0.0228520581049501,-0.0594957024931972,-0.0733558826725479,-0.119409669358017,-0.0664752283215651,0.13684713772983,0.0862814176737627,-8.04680293087523e-05,-0.00129427408883088,-0.01095623751427,0.000861122438965963,0.0224747790159647,0.0218606904287164,-0.0107232226831856,-0.00588257715311994,-0.0323180107174839,-0.0109101589123228,0.0159555445435688,0.0201320225934334,-0.0177789095577734,-0.00341036686214379,-0.0604092136568701,-0.0628251669910957,-0.039176966222073
"RIMMA0403.2",0.0767425397108588,0.0249966472539761,0.0289589807193372,0.0552643540311995,0.0914366900142335,0.0334275453061977,0.0409846808432166,0.0353998527303082,0.060908776029869,0.0132583764594948,0.0170506812952907,0.036825754860048,1.30620035689766,0.023914756156379,0.00481889897181872,0.043405509430595,0.0518737741955336,-0.0292188969319653,-0.0576855871386786,-0.106223426907703,-0.0938036684739627,-0.106863271088455,-0.100684160404114,-0.113956684945942,-0.10637819029669,-0.102848191930978,-0.113142702865384,0.0248499104559463,0.00244505621005634,0.0339319087655095,-0.00802490354515735,0.001723538750235,0.00255150164038052,0.0231316012341526,0.020554978647733,0.0260113376234305,-0.0460488693655477,0.108695577601763,-0.0440641820803475,0.0444165550622526,0.0234156046143075,0.0148294334150084,0.015932090600872,0.0654501640868889,-0.122682173532656,-0.0282224041052435,-0.081665026629251,-0.0600443149404125,-0.0558015753775035,-0.0819441187257023,-0.107807917306127,-0.108108460619406,-0.0984572134777864,-0.0547584256120272,-0.0775594576068208,0.0309030325438327,0.0300311020856634,0.0549288609842431,0.0409556469718499,0.0476678925069625,0.0190077365543958,-0.0809269179826414,-0.113475561077718,-0.0717672697048178,0.0176135856678937,0.0637154269836792,-0.0454130950572277,-0.0386588196284553,-0.0206963350650964,-0.0405994107094158,-0.0102323888744942,0.051705924169293,-0.0276578386820488,-0.0200774679024722,-0.0684564663917372,-0.0299725854915518,-0.0118952011918448,-0.000921741012230752,-0.0472241996731796,-0.00426233041665921,-0.0482454250664713,-0.0681015397644675,-0.0553582244819616
"RIMMA0404.1",0.0607646755755206,0.0648458401906401,0.062893892322977,0.0554352844566024,0.0459953527509582,0.0688818498838239,0.0596414385779594,0.0400381240902728,0.0729885233525882,0.0729566923957275,0.100980993304157,0.051798379682309,0.023914756156379,1.32855709284401,0.0548204411840243,0.0863794479804054,0.0647241873883768,0.0241919808232417,0.033012525254513,-0.066042680318567,-0.0866901673279817,-0.0836923431815619,-0.0951009339036959,-0.0767958832442925,-0.0822911651803053,-0.104363306302691,-0.0840503740910424,-0.0615219655486732,0.0151055252052665,-0.0755020298461179,-0.0774918569270769,0.0435609551440283,-0.0369689294326236,-0.0996949122796871,-0.0712473088838861,-0.0781337715919862,-0.0299336993597033,0.0605422929398852,-0.0873195609008685,-0.0630222094365601,-0.0929438067486275,-0.0904306850257423,-0.0857735793210985,-0.0187338165141019,-0.0860221199015059,0.0254434990330491,-0.050701763007012,-0.0428777698820693,-0.0180677046535498,-0.0356358584707262,-0.0879997569599522,-0.100994689768338,-0.0771876066331711,-0.018588835216743,-0.0608440391782268,-0.0859599122112912,-0.0852752941685983,-0.0585366048832626,-0.0463248878894313,-0.0560568672459625,-0.0906621840806349,-0.05568787469922,-0.0894512601826479,-0.0426709711950166,0.0750754290395586,0.105011604949838,0.0300148714993621,-0.0159003235864296,0.0349112062943242,0.0210372772648447,0.0119346691774115,0.00829423739501914,0.0189022090052605,0.00310269502170643,-0.0157815716068574,0.011469776166962,0.0391698068538365,0.0205158973554219,0.0208354373342564,0.000819903741885008,-0.023371871826311,-0.0170033820914159,-0.00922063693113701
"RIMMA0405.1B",0.0371264640415349,0.0883355818528372,0.0873288864653984,0.00706656679969696,0.0229266103365919,0.109239919230114,0.0775829972759802,0.0699132207223727,0.0460227969490897,0.072145993401163,0.127529587176379,0.0548213034801108,0.00481889897181872,0.0548204411840243,1.29018880528331,0.0579360183980269,0.0575841614969815,0.0699935181620559,0.0839746454373529,-0.0733828220015684,-0.0647148689877141,-0.0515552666855489,-0.0812761801874046,-0.070931430715754,-0.0695758854883903,-0.0639546266018148,-0.0696407286750178,-0.146516386969229,0.0420368230744899,-0.151839963111335,-0.119470800710893,0.0681309336834378,-0.0841192371662085,-0.162027429326061,-0.160968819735789,-0.152093117580241,0.0333387584983136,0.0563373178501728,-0.0949726694653353,-0.144168658268804,-0.166660619779883,-0.156496100911881,-0.16281079755778,-0.110110411901219,-0.061834001443109,0.113365613595447,-0.0424912415364811,0.000101853911801524,0.0404132425483619,-0.03264627182937,-0.0649290456794561,-0.0687223110534251,-0.0442602167292813,0.0210599282139939,-0.0496564868045599,-0.149091998421639,-0.156732449811914,-0.129623155379259,-0.147012329185381,-0.143500724661902,-0.161418236315281,-0.0405733261402688,-0.0832071556864618,-0.0180545502427387,0.11322181802319,0.0291728768533547,0.0900177933304004,0.0672671298799859,0.0657660242454832,0.0495041800272173,0.0502772144397647,0.0276784412350147,0.0703820225751463,0.0707062079125049,0.0406618797190832,0.0753499999097531,0.0412610001087487,0.0622289309727909,0.0364514083792178,0.0479607910879456,-0.00922293848450188,0.00313101232793756,0.0250836421645566
"RIMMA0406.1",0.0769841022217767,0.0911152988255474,0.0991303950261871,0.0879498071985316,0.124463300232128,0.0856879887760663,0.152095260088973,0.109394882078289,0.182429015344756,0.0983033621605322,0.123586228291903,0.132440446475272,0.043405509430595,0.0863794479804054,0.0579360183980269,1.16456055286259,0.203314714463661,-0.00324958184688222,0.00233457604283399,-0.103225611628005,-0.101357523112849,-0.0934401587033577,-0.116745914241548,-0.11498123670336,-0.0966001700215275,-0.0990491779248192,-0.103978711622909,-0.0555923306788013,0.0155153040166029,-0.0450699208506918,-0.0727223836037391,0.0245320066405955,-0.0475273411906932,-0.0731239454599319,-0.067415432423791,-0.0648165607002741,-0.0777245154855198,0.0862777094028781,-0.0740389790069795,-0.0455849150765229,-0.0842510576931759,-0.0598764392365657,-0.0734831951307919,-0.00296583917721458,-0.121958853659683,0.017247096871043,-0.105099739960829,-0.0400381340828408,-0.013053626094538,-0.0705409106117778,-0.128018629060753,-0.130434402330851,-0.117725028255537,-0.0272893973895044,-0.106877257611449,-0.0929726441490377,-0.0681915672129123,-0.0445187542506588,-0.0724389638782476,-0.0493685749456093,-0.0655844333059427,-0.0745085162270153,-0.124251037354755,-0.0814270688281684,0.118287691633748,0.0934015070587181,0.0201487974509482,-0.00519354617029889,0.00407591714774406,-0.00204919939847326,0.00345778181356438,0.0216626810421662,-0.00593807136796545,0.00216423490757757,-0.032482373890623,0.00818595962337398,0.0201420377564502,0.027297135301282,-0.0110684346658004,0.014562836601266,-0.0426681980002377,-0.0592847587859158,-0.0286665401566401
"RIMMA0407.1",0.0761229791529662,0.0889675574254909,0.0844738955295149,0.0885394937129022,0.108906742145606,0.094636562428634,0.142021596608675,0.104194856139543,0.133943290486496,0.0830232970899544,0.0760754154344154,0.145738236235374,0.0518737741955336,0.0647241873883768,0.0575841614969815,0.203314714463661,1.14842276708772,-0.0147216534586041,0.000344313060876243,-0.105148035153584,-0.0982274755444504,-0.088311421968523,-0.0983560984549194,-0.0730610014468021,-0.0837367074143316,-0.097000535604207,-0.0898306296787212,-0.0443758065502717,0.0222229573570349,-0.0499762173115827,-0.0731390461144438,0.0131192807162853,-0.0601315567228171,-0.0693481475181805,-0.0672767629729591,-0.0680074622291968,-0.0469828091453821,0.0818243238908243,-0.0810305900310027,-0.0475988925637684,-0.0645015968747985,-0.0642240700132134,-0.0665628380401877,-0.0140915481886193,-0.108085468898325,0.00260403744733827,-0.0700283837082429,-0.0583282731990341,-0.0447552088995861,-0.0743830373076556,-0.106627101303979,-0.0996577045011982,-0.0950938752622616,-0.025954082405441,-0.093240347382895,-0.0783833680107197,-0.0689429121239631,-0.0470662172220224,-0.0559672387541009,-0.052901704329503,-0.0677840549080057,-0.0779703632453855,-0.111215057476416,-0.0721478405551446,0.0932865471368538,0.101258555600629,0.00623066254099234,-0.0118216651247437,-0.0140137625899929,0.000690377186254135,-0.00592230162569681,0.0048771077808471,0.000465833238993919,0.00837845304157916,-0.0231131589568366,0.0189295875369769,0.011340356018612,0.0119003847394799,-0.0101772502770683,-0.00291033020055777,-0.0442800721578674,-0.0412612939366901,-0.00236332695151898
"RIMMA0409.1",-0.0189401401059643,0.0217413097565046,0.020950189198673,-0.0251319347183395,-0.0105706839170534,0.0468458576382854,0.0158113013265332,-0.00769158411086672,-0.00665190180607847,-0.00143033535616411,0.0398538458736633,0.00335969677774765,-0.0292188969319653,0.0241919808232417,0.0699935181620559,-0.00324958184688222,-0.0147216534586041,1.27205165394633,0.10808043640544,-0.0189852869151983,-0.0172569730914541,-0.023645587034581,-0.0420056883208323,-0.0309830247695171,-0.0248902493568109,-0.0225297260618119,-0.0366155046933837,-0.145781784349485,0.00289143016715406,-0.136828614418215,-0.121923956439869,0.0838618590720485,-0.065327967864709,-0.158393612544028,-0.149962619167349,-0.157735695877052,0.0261443424508528,-0.0215374819652797,-0.061073240885746,-0.139808991654343,-0.168338777702201,-0.13405990057863,-0.157231801186357,-0.0941500433662779,-0.0310938706194127,0.0797580186682265,-0.00873351961440754,0.0199422471624886,0.0411285019423166,0.0270122744120087,-0.0309770949437656,-0.0329553765098994,-0.0361747886669136,0.028570342127407,-0.0247090021356657,-0.137672364080653,-0.15947685174968,-0.136083649493461,-0.127696823259417,-0.128722136980923,-0.147318251088795,-0.0333361923667959,-0.0253658908688723,-0.00409928801946083,0.0331519057642644,-0.0150747461582018,0.0695719789016246,0.115279034654387,0.0953270926421232,0.0755708323997216,0.064247064835866,-0.0211150133395317,0.102952764125095,0.107987382444374,0.0886014557146875,0.112946826418727,0.057692558147621,0.070626144575336,0.054877135990233,0.0687318002754678,0.00318084744842857,0.0389782701632755,0.0553661999787174
"RIMMA0410.1B",0.00494138932580868,0.0558429675643533,0.0312205599550426,-0.0461688112248913,-0.00694145666472022,0.034523347794749,0.00563913363371712,0.0134214537113513,0.00564445377601859,0.00145475918758798,0.043224037753897,-0.00937645378390841,-0.0576855871386786,0.033012525254513,0.0839746454373529,0.00233457604283399,0.000344313060876243,0.10808043640544,1.26320943053551,-0.0342787973755153,-0.0248743439230661,-0.0418987555224003,-0.0489781660937488,-0.0382932264625527,-0.024839902905175,-0.0500895476525095,-0.0183760517758794,-0.148151065110812,0.0146252690002464,-0.15370194864857,-0.116132964020239,0.077329772321618,-0.067333525844455,-0.158474741351272,-0.143462667877821,-0.148180335817607,0.0253006862285589,-0.0113732039332181,-0.0797494436427346,-0.141234009586491,-0.150303189776182,-0.151129137949981,-0.154978353237269,-0.106687907848833,-0.0361243066117859,0.0915783091685621,-0.00757473102531626,0.0322085097465483,0.0480551231206568,0.0110005700429295,-0.0394046706572438,-0.0477953477127525,-0.016292649056407,0.0373677942363697,-0.0194924912914866,-0.154851404150632,-0.1432407199907,-0.131816720564576,-0.127348517281466,-0.146240335291603,-0.144464754325578,-0.0215287193246624,-0.0401973837269566,0.0193420390796119,0.0447452652418464,-0.0168594975027118,0.0927123854063261,0.0785588671302715,0.0784078636996146,0.0719849187253421,0.0752118081257884,-0.0214770834294973,0.0761949776801429,0.109194882906262,0.0454087330420295,0.11628751618578,0.0813841024091956,0.0876049830081171,0.0574393319866723,0.0773290156621491,0.00984428570992465,0.0451131065567421,0.0563047812515901
"RIMMA0416.1",-0.119593695285093,-0.0812750751659195,-0.0893398506253918,-0.100268185317351,-0.110586859704197,-0.0696238818691522,-0.0978974395475468,-0.10785524006414,-0.106820605708973,-0.0978909282897181,-0.0853008931251275,-0.0917959245214927,-0.106223426907703,-0.066042680318567,-0.0733828220015684,-0.103225611628005,-0.105148035153584,-0.0189852869151983,-0.0342787973755153,1.29023030031392,0.350179571526424,0.341314607535582,0.182888029134789,0.189468194392566,0.351714524524747,0.326249532962479,0.295444144109102,-0.158617782597013,-0.0924813955526333,-0.167789593988458,-0.0872663846101035,-0.0510386898341318,-0.0942517239281296,-0.141577254798493,-0.15723565788956,-0.157088687108168,0.0308368444959412,-0.113201171789922,0.00382539801127325,-0.169195551419594,-0.153308962309642,-0.15532915986966,-0.154085283444964,-0.124288600749891,0.191647226889129,-0.0480885391259023,0.15922877093883,0.116428650715131,0.0492959668286903,0.13637546426913,0.211018891973309,0.198498831908696,0.146990798731038,0.0869842790701779,0.129196294023162,-0.154601272791224,-0.148579654299958,-0.137432789553182,-0.146997048323297,-0.131509935702881,-0.169287104725414,0.0828313803059067,0.21752467865024,0.151375173484704,-0.0734486382610125,-0.105774277940341,-0.047961983640134,-0.0419176475918982,-0.0359593152023584,-0.0201985795173756,-0.0532577955377848,-0.11268227681227,-0.0203104911955625,-0.0347917278193971,-0.0219806227948907,-0.0480310685858304,-0.0539693811716302,-0.0573618742642642,-0.0203598082800135,-0.0590136551212667,0.0449767185617236,0.0626097217485308,0.0386726325672773
"RIMMA0417.1",-0.0922175859183624,-0.0874340538481059,-0.0800668998913821,-0.119937164203744,-0.113861320943534,-0.063357061790076,-0.110596305104894,-0.0894162828653312,-0.0999247626351252,-0.0973399995346405,-0.0838395036760904,-0.112799884369584,-0.0938036684739627,-0.0866901673279817,-0.0647148689877141,-0.101357523112849,-0.0982274755444504,-0.0172569730914541,-0.0248743439230661,0.350179571526424,1.34022253171424,0.338232536959344,0.184633909530204,0.185779270888981,0.331290553050845,0.300461543335838,0.281406249520287,-0.152262234038029,-0.100572641588494,-0.175560467600525,-0.0923388158758892,-0.0557269027250993,-0.0919127699949972,-0.150151755836222,-0.176022355050753,-0.156723690423252,0.0654933344113607,-0.100076704992362,-0.00355219639442121,-0.164885706098337,-0.159494091040881,-0.171046438487238,-0.170506897803566,-0.12524875983364,0.217165428363116,-0.0238065255085065,0.18167121512811,0.0778594843093582,0.0472360158190059,0.150765848081213,0.22055582131456,0.224498073347908,0.172777405131193,0.0937140815351446,0.129689292121249,-0.181557957116181,-0.167800962382208,-0.169693325849159,-0.154489702258435,-0.131226334137048,-0.177285089817054,0.0821573846354027,0.213253459410788,0.138631861657544,-0.0994989067738577,-0.107970922253419,-0.0460010790448726,-0.028678537293659,-0.043129182706663,-0.013639602401583,-0.0645149869776162,-0.116146015862585,-0.0226285337659988,-0.0292817942175393,-0.0116646828528693,-0.033403417755787,-0.0414697746246384,-0.0590590655825085,-0.0283883941117102,-0.0540278241492274,0.0580244881404203,0.0781186688624006,0.0253428616742297
"RIMMA0418.1",-0.0827187230200056,-0.0960034366174268,-0.0765424729330474,-0.105387735345642,-0.108340721106865,-0.0846939887119789,-0.0925599108646859,-0.0989433789609955,-0.102889530379449,-0.0932939068802294,-0.100693643078029,-0.100194242444218,-0.106863271088455,-0.0836923431815619,-0.0515552666855489,-0.0934401587033577,-0.088311421968523,-0.023645587034581,-0.0418987555224003,0.341314607535582,0.338232536959344,1.33894956272018,0.163437908901361,0.184043107815666,0.342153870470207,0.319272479371178,0.274707761868109,-0.157009460476962,-0.101444710172911,-0.158933054767578,-0.0783489959334929,-0.0375792257229851,-0.0993234343161409,-0.14211595870095,-0.147296337660728,-0.15924885427377,0.021672146867912,-0.107710215305536,0.00433482684608245,-0.162187018567491,-0.1674174138211,-0.143986235278072,-0.158635248192312,-0.118345928456215,0.203794273228098,-0.0318571307300193,0.158246288907291,0.103066158594268,0.0629060339882057,0.130329345579936,0.197876602255699,0.199858372121369,0.164881070608561,0.107090729375901,0.0873371556959226,-0.170221685586427,-0.162238292896222,-0.147427266898261,-0.152983760541236,-0.150801588808663,-0.175054339816949,0.062003737285456,0.199643907861043,0.16794370282018,-0.0914039658090439,-0.101299040528619,-0.0438701569111512,-0.0308259571572232,-0.0338995316690913,-0.0141888996609848,-0.0502587011896696,-0.114558350307236,-0.0217457821782865,-0.0368945615290845,-0.0203885756180999,-0.0387868533816085,-0.0491537822383348,-0.0517686887251496,-0.0150651968837762,-0.0407000836761155,0.0453292334959241,0.0614429335400457,0.0367744242009954
"RIMMA0421.1",-0.0891019717989493,-0.0819320366521031,-0.094773635783121,-0.119941154590223,-0.0995810962289677,-0.0913831257041979,-0.103733836329805,-0.115039325086003,-0.131788448320054,-0.10211745713771,-0.0930553049195473,-0.109498083847147,-0.100684160404114,-0.0951009339036959,-0.0812761801874046,-0.116745914241548,-0.0983560984549194,-0.0420056883208323,-0.0489781660937488,0.182888029134789,0.184633909530204,0.163437908901361,1.36703019446225,0.271269663956993,0.160473410647208,0.199041730863359,0.215628629062112,-0.133569382319436,-0.116338128575787,-0.135042204984,-0.0436255190063793,-0.0705454290268929,-0.0910567206956441,-0.129744847112968,-0.140163269266047,-0.145075780621624,0.0637441451555849,-0.115398829264904,0.0412788248300461,-0.137071984555603,-0.138817182499063,-0.136992186297554,-0.116906209916272,-0.096915498656138,0.250108072765154,-0.0542229902394449,0.16633865484282,0.0697419360987823,0.0413969791888037,0.136113359631617,0.285697639243538,0.31498241069286,0.25108292643976,0.058824033564524,0.207410163123265,-0.146565261827017,-0.145699607096268,-0.111217603722907,-0.104767985093697,-0.113000065888882,-0.149609176571019,0.11919656009021,0.314665997385803,0.115993587028265,-0.122049034453516,-0.0990489286551171,-0.0752317008753682,-0.0521275846872952,-0.0388691372427959,-0.0199950256738892,-0.0483944707058178,-0.130122361830232,-0.0453779614937618,-0.0633764607680126,-0.0140230289144024,-0.0550741719811636,-0.0581255930493608,-0.0625057747802465,0.00956554300472275,-0.0695648068112804,0.0459248742099333,0.080017766095541,0.0248375732144018
"RIMMA0422.1",-0.0836774981089281,-0.0906789981991352,-0.0901721135620208,-0.110771570167033,-0.0950997368618166,-0.0828007611697272,-0.0793621882465974,-0.102646605617348,-0.121201667591296,-0.0845586779685423,-0.0996755906201358,-0.0921995709641089,-0.113956684945942,-0.0767958832442925,-0.070931430715754,-0.11498123670336,-0.0730610014468021,-0.0309830247695171,-0.0382932264625527,0.189468194392566,0.185779270888981,0.184043107815666,0.271269663956993,1.24550586351632,0.17063154352114,0.200448236608506,0.228987615802291,-0.130840049856088,-0.122939758428395,-0.139071353160951,-0.0374546591328171,-0.0608018519331268,-0.0921166007731581,-0.124781894960866,-0.140356915105925,-0.136794921766686,0.0661727003515571,-0.0935550979328512,0.0308578821109778,-0.145660772757037,-0.139775589806454,-0.150891780776437,-0.132478034082249,-0.107971919532065,0.240069715967242,-0.0460982394697367,0.162140600348178,0.0824111573038206,0.0464389842736592,0.115944430814268,0.253551480186485,0.27482591947542,0.211873081533104,0.0831030950064939,0.182439938985238,-0.149807231103913,-0.14909313596755,-0.126940659918793,-0.107598148747773,-0.131700853706211,-0.14907013528848,0.119921856506978,0.286275657804251,0.120011616638676,-0.0933117939803886,-0.0968236703155134,-0.056024143547964,-0.0518973961020768,-0.0361524705495925,-0.0382726134382339,-0.0655773064024632,-0.109994531441616,-0.0435789280584217,-0.0562283842754378,0.000622236557355937,-0.0455726668687901,-0.0386015903728273,-0.0476878180768934,-0.00685341739912145,-0.0627841699890316,0.0726384177180318,0.0695875720892411,0.0219881322174206
